Temperature (K)	Pressure (MPa)	Density (kg/m3)	Volume (m3/kg)	Internal Energy (kJ/mol)	Enthalpy (kJ/mol)	Entropy (J/mol*K)	Cv (J/mol*K)	Cp (J/mol*K)	Sound Spd. (m/s)	Joule-Thomson (K/MPa)	Viscosity (uPa*s)	Therm. Cond. (W/m*K)	Phase
54.361	6.2500	1312.9	0.00076168	-6.2206	-6.0683	66.476	37.781	52.792	1142.7	-0.38541	811.84	0.20408	liquid
55.820	6.2500	1307.0	0.00076512	-6.1442	-5.9912	67.875	36.719	52.839	1148.4	-0.38220	751.17	0.20212	liquid
57.280	6.2500	1300.9	0.00076868	-6.0678	-5.9140	69.240	35.933	52.935	1149.9	-0.37910	696.21	0.20016	liquid
58.739	6.2500	1294.8	0.00077233	-5.9912	-5.8367	70.573	35.330	53.040	1148.1	-0.37628	646.51	0.19818	liquid
60.199	6.2500	1288.6	0.00077606	-5.9144	-5.7592	71.876	34.849	53.134	1143.8	-0.37379	601.58	0.19620	liquid
61.658	6.2500	1282.3	0.00077986	-5.8376	-5.6816	73.149	34.452	53.209	1137.7	-0.37160	560.96	0.19422	liquid
63.117	6.2500	1276.0	0.00078373	-5.7607	-5.6039	74.395	34.111	53.262	1130.2	-0.36967	524.21	0.19223	liquid
64.577	6.2500	1269.6	0.00078765	-5.6837	-5.5262	75.613	33.810	53.296	1121.7	-0.36793	490.92	0.19025	liquid
66.036	6.2500	1263.2	0.00079163	-5.6067	-5.4484	76.804	33.535	53.314	1112.4	-0.36633	460.72	0.18827	liquid
67.496	6.2500	1256.8	0.00079566	-5.5297	-5.3706	77.969	33.278	53.318	1102.6	-0.36482	433.28	0.18629	liquid
68.955	6.2500	1250.4	0.00079975	-5.4527	-5.2928	79.110	33.036	53.312	1092.5	-0.36334	408.30	0.18430	liquid
70.414	6.2500	1244.0	0.00080389	-5.3757	-5.2150	80.226	32.803	53.300	1082.0	-0.36186	385.52	0.18232	liquid
71.874	6.2500	1237.5	0.00080809	-5.2988	-5.1372	81.320	32.578	53.285	1071.3	-0.36034	364.70	0.18034	liquid
73.333	6.2500	1231.0	0.00081234	-5.2219	-5.0594	82.390	32.359	53.268	1060.5	-0.35875	345.63	0.17836	liquid
74.793	6.2500	1224.5	0.00081665	-5.1450	-4.9817	83.440	32.144	53.253	1049.6	-0.35705	328.13	0.17638	liquid
76.252	6.2500	1218.0	0.00082102	-5.0682	-4.9040	84.469	31.934	53.240	1038.6	-0.35523	312.04	0.17439	liquid
77.711	6.2500	1211.5	0.00082545	-4.9914	-4.8263	85.478	31.728	53.232	1027.6	-0.35327	297.20	0.17241	liquid
79.171	6.2500	1204.9	0.00082995	-4.9146	-4.7486	86.469	31.526	53.230	1016.6	-0.35114	283.50	0.17043	liquid
80.630	6.2500	1198.3	0.00083452	-4.8378	-4.6710	87.441	31.327	53.234	1005.5	-0.34884	270.81	0.16844	liquid
82.090	6.2500	1191.7	0.00083916	-4.7611	-4.5933	88.396	31.132	53.246	994.42	-0.34634	259.05	0.16645	liquid
83.549	6.2500	1185.0	0.00084387	-4.6843	-4.5155	89.334	30.940	53.266	983.34	-0.34363	248.10	0.16446	liquid
85.008	6.2500	1178.3	0.00084865	-4.6075	-4.4378	90.257	30.752	53.295	972.25	-0.34070	237.91	0.16247	liquid
86.468	6.2500	1171.6	0.00085352	-4.5307	-4.3600	91.164	30.567	53.333	961.15	-0.33754	228.39	0.16047	liquid
87.927	6.2500	1164.9	0.00085848	-4.4538	-4.2821	92.057	30.385	53.381	950.03	-0.33413	219.49	0.15847	liquid
89.387	6.2500	1158.1	0.00086352	-4.3769	-4.2042	92.937	30.207	53.439	938.91	-0.33047	211.14	0.15647	liquid
90.846	6.2500	1151.2	0.00086865	-4.2998	-4.1261	93.803	30.032	53.508	927.77	-0.32653	203.29	0.15446	liquid
92.305	6.2500	1144.3	0.00087389	-4.2227	-4.0480	94.656	29.861	53.587	916.61	-0.32231	195.90	0.15245	liquid
93.765	6.2500	1137.4	0.00087922	-4.1455	-3.9697	95.497	29.693	53.678	905.43	-0.31779	188.93	0.15044	liquid
95.224	6.2500	1130.4	0.00088466	-4.0682	-3.8913	96.327	29.528	53.780	894.22	-0.31295	182.35	0.14843	liquid
96.684	6.2500	1123.3	0.00089022	-3.9908	-3.8127	97.146	29.366	53.895	882.99	-0.30779	176.11	0.14641	liquid
98.143	6.2500	1116.2	0.00089589	-3.9132	-3.7340	97.954	29.208	54.021	871.71	-0.30227	170.19	0.14438	liquid
99.602	6.2500	1109.0	0.00090169	-3.8354	-3.6550	98.753	29.053	54.161	860.40	-0.29639	164.56	0.14236	liquid
101.06	6.2500	1101.8	0.00090761	-3.7574	-3.5759	99.542	28.901	54.314	849.05	-0.29012	159.21	0.14033	liquid
102.52	6.2500	1094.5	0.00091368	-3.6792	-3.4965	100.32	28.753	54.481	837.64	-0.28345	154.10	0.13830	liquid
103.98	6.2500	1087.1	0.00091989	-3.6008	-3.4169	101.09	28.607	54.663	826.19	-0.27633	149.21	0.13626	liquid
105.44	6.2500	1079.6	0.00092625	-3.5222	-3.3369	101.86	28.465	54.860	814.67	-0.26876	144.54	0.13422	liquid
106.90	6.2500	1072.1	0.00093278	-3.4433	-3.2567	102.61	28.326	55.073	803.09	-0.26069	140.05	0.13219	liquid
108.36	6.2500	1064.4	0.00093947	-3.3641	-3.1762	103.36	28.190	55.303	791.44	-0.25209	135.75	0.13015	liquid
109.82	6.2500	1056.7	0.00094635	-3.2846	-3.0953	104.10	28.058	55.552	779.72	-0.24294	131.61	0.12811	liquid
111.28	6.2500	1048.9	0.00095342	-3.2047	-3.0140	104.84	27.928	55.820	767.92	-0.23318	127.63	0.12607	liquid
112.74	6.2500	1040.9	0.00096069	-3.1245	-2.9324	105.57	27.802	56.108	756.03	-0.22277	123.78	0.12403	liquid
114.20	6.2500	1032.9	0.00096818	-3.0439	-2.8503	106.29	27.679	56.419	744.05	-0.21167	120.07	0.12198	liquid
115.66	6.2500	1024.7	0.00097591	-2.9629	-2.7677	107.01	27.559	56.754	731.96	-0.19981	116.48	0.11993	liquid
117.12	6.2500	1016.4	0.00098387	-2.8814	-2.6846	107.72	27.443	57.115	719.77	-0.18714	113.01	0.11788	liquid
118.57	6.2500	1008.0	0.00099211	-2.7994	-2.6010	108.43	27.331	57.504	707.47	-0.17358	109.64	0.11583	liquid
120.03	6.2500	999.38	0.0010006	-2.7169	-2.5167	109.14	27.222	57.924	695.03	-0.15906	106.37	0.11378	liquid
121.49	6.2500	990.64	0.0010094	-2.6338	-2.4319	109.84	27.116	58.378	682.47	-0.14347	103.19	0.11172	liquid
122.95	6.2500	981.74	0.0010186	-2.5500	-2.3463	110.54	27.015	58.869	669.76	-0.12674	100.10	0.10967	liquid
124.41	6.2500	972.67	0.0010281	-2.4656	-2.2600	111.24	26.918	59.402	656.90	-0.10873	97.088	0.10761	liquid
125.87	6.2500	963.40	0.0010380	-2.3805	-2.1729	111.93	26.825	59.980	643.87	-0.089308	94.152	0.10555	liquid
127.33	6.2500	953.92	0.0010483	-2.2946	-2.0849	112.63	26.736	60.611	630.66	-0.068333	91.287	0.10349	liquid
128.79	6.2500	944.23	0.0010591	-2.2078	-1.9960	113.32	26.653	61.299	617.25	-0.045621	88.487	0.10143	liquid
130.25	6.2500	934.28	0.0010703	-2.1200	-1.9060	114.02	26.574	62.053	603.64	-0.020969	85.747	0.099363	liquid
131.71	6.2500	924.08	0.0010822	-2.0313	-1.8148	114.71	26.501	62.882	589.79	0.0058669	83.064	0.097297	liquid
133.17	6.2500	913.58	0.0010946	-1.9413	-1.7224	115.41	26.435	63.797	575.70	0.035170	80.432	0.095229	liquid
134.63	6.2500	902.76	0.0011077	-1.8501	-1.6286	116.11	26.375	64.812	561.33	0.067281	77.847	0.093157	liquid
136.09	6.2500	891.59	0.0011216	-1.7575	-1.5332	116.82	26.322	65.944	546.66	0.10260	75.305	0.091082	liquid
137.55	6.2500	880.02	0.0011363	-1.6633	-1.4360	117.53	26.278	67.213	531.66	0.14163	72.802	0.089003	liquid
139.01	6.2500	868.01	0.0011521	-1.5673	-1.3369	118.24	26.244	68.646	516.30	0.18497	70.331	0.086917	liquid
140.47	6.2500	855.49	0.0011689	-1.4693	-1.2356	118.97	26.220	70.279	500.53	0.23337	67.888	0.084825	liquid
141.92	6.2500	842.41	0.0011871	-1.3691	-1.1317	119.71	26.209	72.154	484.30	0.28775	65.466	0.082723	liquid
143.38	6.2500	828.67	0.0012068	-1.2662	-1.0248	120.45	26.212	74.331	467.56	0.34931	63.060	0.080610	liquid
144.84	6.2500	814.16	0.0012283	-1.1602	-0.91452	121.22	26.233	76.891	450.24	0.41958	60.660	0.078480	liquid
146.30	6.2500	798.74	0.0012520	-1.0505	-0.80014	122.01	26.276	79.948	432.27	0.50058	58.257	0.076332	liquid
147.76	6.2500	782.23	0.0012784	-0.93652	-0.68085	122.82	26.346	83.663	413.53	0.59503	55.838	0.074157	liquid
149.22	6.2500	764.39	0.0013082	-0.81715	-0.55551	123.66	26.451	88.282	393.92	0.70671	53.387	0.071950	liquid
150.68	6.2500	744.86	0.0013425	-0.69105	-0.42255	124.55	26.601	94.192	373.28	0.84100	50.883	0.069700	liquid
152.14	6.2500	723.15	0.0013828	-0.55621	-0.27965	125.49	26.815	102.04	351.41	1.0060	48.293	0.067395	liquid
153.60	6.2500	698.48	0.0014317	-0.40954	-0.12321	126.51	27.121	113.01	327.99	1.2146	45.571	0.065021	liquid
155.06	6.2500	669.55	0.0014935	-0.24585	0.052846	127.66	27.573	129.49	302.55	1.4888	42.638	0.062565	supercritical
156.52	6.2500	633.94	0.0015774	-0.055472	0.26000	128.98	28.278	157.04	274.31	1.8700	39.350	0.060019	supercritical
157.98	6.2500	586.45	0.0017052	0.18252	0.52354	130.66	29.483	210.82	242.20	2.4449	35.415	0.057377	supercritical
159.44	6.2500	515.20	0.0019410	0.51826	0.90645	133.07	31.544	327.16	208.01	3.3774	30.245	0.054229	supercritical
160.90	6.2500	418.64	0.0023887	0.97784	1.4556	136.50	32.513	377.82	190.48	4.5685	24.339	0.047895	supercritical
162.36	6.2500	350.68	0.0028516	1.3419	1.9122	139.33	30.760	250.51	192.27	5.3444	20.922	0.040452	supercritical
163.82	6.2500	312.20	0.0032031	1.5766	2.2172	141.20	29.178	176.30	196.50	5.7303	19.309	0.035922	supercritical
165.28	6.2500	287.03	0.0034840	1.7471	2.4438	142.57	28.083	138.05	200.42	5.9255	18.407	0.033137	supercritical
166.73	6.2500	268.64	0.0037225	1.8831	2.6276	143.68	27.297	115.51	203.95	6.0206	17.837	0.031256	supercritical
168.19	6.2500	254.25	0.0039331	1.9981	2.7847	144.62	26.700	100.76	207.19	6.0579	17.450	0.029894	supercritical
169.65	6.2500	242.49	0.0041238	2.0990	2.9238	145.44	26.225	90.353	210.20	6.0594	17.176	0.028861	supercritical
171.11	6.2500	232.57	0.0042997	2.1898	3.0497	146.18	25.834	82.610	213.04	6.0376	16.978	0.028052	supercritical
172.57	6.2500	224.02	0.0044639	2.2730	3.1657	146.86	25.501	76.614	215.74	6.0002	16.833	0.027403	supercritical
174.03	6.2500	216.51	0.0046188	2.3502	3.2739	147.48	25.213	71.825	218.31	5.9523	16.728	0.026873	supercritical
175.49	6.2500	209.82	0.0047660	2.4227	3.3758	148.07	24.958	67.908	220.79	5.8971	16.652	0.026435	supercritical
176.95	6.2500	203.81	0.0049066	2.4912	3.4725	148.61	24.731	64.639	223.18	5.8369	16.600	0.026070	supercritical
178.41	6.2500	198.35	0.0050417	2.5564	3.5647	149.13	24.525	61.867	225.48	5.7733	16.567	0.025764	supercritical
179.87	6.2500	193.35	0.0051719	2.6189	3.6532	149.63	24.338	59.485	227.72	5.7075	16.548	0.025505	supercritical
181.33	6.2500	188.75	0.0052979	2.6790	3.7385	150.10	24.167	57.415	229.89	5.6402	16.542	0.025287	supercritical
182.79	6.2500	184.49	0.0054202	2.7369	3.8209	150.55	24.010	55.598	232.00	5.5721	16.547	0.025102	supercritical
184.25	6.2500	180.53	0.0055392	2.7931	3.9009	150.99	23.865	53.990	234.06	5.5037	16.560	0.024945	supercritical
185.71	6.2500	176.83	0.0056552	2.8476	3.9786	151.41	23.730	52.556	236.06	5.4353	16.580	0.024814	supercritical
187.17	6.2500	173.36	0.0057685	2.9007	4.0544	151.81	23.605	51.270	238.02	5.3672	16.607	0.024704	supercritical
188.63	6.2500	170.09	0.0058793	2.9525	4.1283	152.21	23.488	50.109	239.93	5.2995	16.639	0.024612	supercritical
190.09	6.2500	167.00	0.0059880	3.0031	4.2007	152.59	23.379	49.055	241.80	5.2325	16.676	0.024537	supercritical
191.54	6.2500	164.08	0.0060945	3.0527	4.2715	152.96	23.277	48.095	243.64	5.1662	16.718	0.024476	supercritical
193.00	6.2500	161.31	0.0061992	3.1013	4.3411	153.32	23.181	47.217	245.43	5.1007	16.763	0.024428	supercritical
194.46	6.2500	158.68	0.0063021	3.1490	4.4094	153.68	23.091	46.410	247.19	5.0360	16.811	0.024391	supercritical
195.92	6.2500	156.17	0.0064035	3.1959	4.4766	154.02	23.007	45.667	248.92	4.9724	16.862	0.024365	supercritical
197.38	6.2500	153.77	0.0065033	3.2421	4.5427	154.36	22.928	44.979	250.62	4.9096	16.915	0.024348	supercritical
198.84	6.2500	151.48	0.0066017	3.2876	4.6079	154.69	22.853	44.342	252.29	4.8479	16.971	0.024339	supercritical
200.30	6.2500	149.28	0.0066988	3.3324	4.6722	155.01	22.782	43.749	253.93	4.7871	17.029	0.024337	supercritical
201.76	6.2500	147.17	0.0067947	3.3767	4.7356	155.32	22.716	43.197	255.54	4.7274	17.088	0.024343	supercritical
203.22	6.2500	145.15	0.0068895	3.4204	4.7983	155.63	22.653	42.681	257.13	4.6686	17.150	0.024355	supercritical
204.68	6.2500	143.20	0.0069831	3.4636	4.8602	155.94	22.593	42.198	258.70	4.6109	17.212	0.024372	supercritical
206.14	6.2500	141.33	0.0070758	3.5063	4.9214	156.23	22.537	41.745	260.24	4.5541	17.277	0.024394	supercritical
207.60	6.2500	139.52	0.0071675	3.5486	4.9821	156.53	22.484	41.319	261.76	4.4983	17.342	0.024422	supercritical
209.06	6.2500	137.77	0.0072583	3.5905	5.0421	156.82	22.433	40.918	263.26	4.4434	17.408	0.024453	supercritical
210.52	6.2500	136.09	0.0073482	3.6319	5.1015	157.10	22.385	40.540	264.74	4.3896	17.476	0.024489	supercritical
211.98	6.2500	134.46	0.0074373	3.6730	5.1604	157.38	22.340	40.184	266.19	4.3366	17.544	0.024529	supercritical
213.44	6.2500	132.88	0.0075256	3.7137	5.2188	157.65	22.297	39.846	267.63	4.2846	17.613	0.024572	supercritical
214.89	6.2500	131.35	0.0076131	3.7541	5.2767	157.92	22.256	39.526	269.06	4.2335	17.683	0.024618	supercritical
216.35	6.2500	129.87	0.0077000	3.7942	5.3342	158.19	22.217	39.223	270.46	4.1832	17.753	0.024667	supercritical
217.81	6.2500	128.43	0.0077862	3.8340	5.3912	158.45	22.180	38.936	271.85	4.1338	17.824	0.024719	supercritical
219.27	6.2500	127.04	0.0078718	3.8735	5.4478	158.71	22.144	38.662	273.22	4.0853	17.896	0.024773	supercritical
220.73	6.2500	125.68	0.0079567	3.9128	5.5041	158.97	22.111	38.402	274.57	4.0376	17.968	0.024830	supercritical
222.19	6.2500	124.36	0.0080411	3.9518	5.5599	159.22	22.079	38.154	275.92	3.9907	18.041	0.024889	supercritical
223.65	6.2500	123.08	0.0081249	3.9905	5.6154	159.47	22.049	37.917	277.24	3.9446	18.114	0.024950	supercritical
225.11	6.2500	121.83	0.0082081	4.0290	5.6706	159.71	22.020	37.692	278.55	3.8993	18.188	0.025014	supercritical
226.57	6.2500	120.62	0.0082908	4.0673	5.7254	159.96	21.992	37.476	279.85	3.8547	18.261	0.025079	supercritical
228.03	6.2500	119.43	0.0083731	4.1054	5.7800	160.20	21.966	37.270	281.14	3.8109	18.336	0.025145	supercritical
229.49	6.2500	118.28	0.0084548	4.1433	5.8342	160.43	21.941	37.073	282.41	3.7678	18.410	0.025214	supercritical
230.95	6.2500	117.15	0.0085361	4.1810	5.8882	160.67	21.917	36.884	283.67	3.7254	18.485	0.025284	supercritical
232.41	6.2500	116.05	0.0086170	4.2186	5.9419	160.90	21.894	36.703	284.92	3.6837	18.560	0.025355	supercritical
233.87	6.2500	114.98	0.0086974	4.2559	5.9953	161.13	21.873	36.529	286.16	3.6426	18.635	0.025428	supercritical
235.33	6.2500	113.93	0.0087774	4.2931	6.0485	161.36	21.852	36.363	287.38	3.6022	18.710	0.025502	supercritical
236.79	6.2500	112.90	0.0088571	4.3301	6.1015	161.58	21.832	36.203	288.59	3.5625	18.786	0.025577	supercritical
238.25	6.2500	111.90	0.0089363	4.3670	6.1542	161.80	21.814	36.049	289.80	3.5234	18.862	0.025654	supercritical
239.70	6.2500	110.92	0.0090152	4.4037	6.2067	162.02	21.796	35.901	290.99	3.4849	18.937	0.025731	supercritical
241.16	6.2500	109.97	0.0090937	4.4403	6.2590	162.24	21.779	35.759	292.17	3.4470	19.013	0.025809	supercritical
242.62	6.2500	109.03	0.0091719	4.4768	6.3111	162.45	21.762	35.622	293.35	3.4097	19.089	0.025889	supercritical
244.08	6.2500	108.11	0.0092497	4.5131	6.3630	162.67	21.747	35.491	294.51	3.3730	19.166	0.025969	supercritical
245.54	6.2500	107.21	0.0093272	4.5493	6.4147	162.88	21.732	35.364	295.66	3.3368	19.242	0.026050	supercritical
247.00	6.2500	106.33	0.0094044	4.5854	6.4662	163.09	21.718	35.241	296.81	3.3012	19.318	0.026133	supercritical
248.46	6.2500	105.47	0.0094813	4.6213	6.5175	163.30	21.705	35.123	297.94	3.2661	19.395	0.026215	supercritical
249.92	6.2500	104.63	0.0095579	4.6572	6.5687	163.50	21.693	35.009	299.07	3.2315	19.471	0.026299	supercritical
251.38	6.2500	103.80	0.0096342	4.6929	6.6197	163.70	21.681	34.899	300.19	3.1974	19.548	0.026383	supercritical
252.84	6.2500	102.98	0.0097103	4.7286	6.6706	163.91	21.669	34.793	301.30	3.1639	19.624	0.026468	supercritical
254.30	6.2500	102.19	0.0097861	4.7641	6.7213	164.11	21.658	34.690	302.40	3.1308	19.701	0.026554	supercritical
255.76	6.2500	101.40	0.0098616	4.7996	6.7718	164.30	21.648	34.591	303.49	3.0982	19.777	0.026640	supercritical
257.22	6.2500	100.64	0.0099368	4.8349	6.8222	164.50	21.639	34.495	304.58	3.0661	19.854	0.026727	supercritical
258.68	6.2500	99.882	0.010012	4.8702	6.8725	164.70	21.630	34.402	305.66	3.0344	19.931	0.026814	supercritical
260.14	6.2500	99.141	0.010087	4.9054	6.9226	164.89	21.621	34.313	306.73	3.0032	20.007	0.026902	supercritical
261.60	6.2500	98.414	0.010161	4.9405	6.9727	165.08	21.613	34.226	307.79	2.9724	20.084	0.026990	supercritical
263.05	6.2500	97.700	0.010235	4.9755	7.0225	165.27	21.605	34.142	308.85	2.9420	20.160	0.027079	supercritical
264.51	6.2500	96.998	0.010310	5.0105	7.0723	165.46	21.598	34.061	309.90	2.9121	20.237	0.027168	supercritical
265.97	6.2500	96.307	0.010383	5.0454	7.1220	165.65	21.591	33.982	310.94	2.8825	20.313	0.027258	supercritical
267.43	6.2500	95.629	0.010457	5.0802	7.1715	165.83	21.585	33.906	311.97	2.8534	20.390	0.027348	supercritical
268.89	6.2500	94.962	0.010531	5.1149	7.2209	166.02	21.579	33.832	313.00	2.8246	20.466	0.027438	supercritical
270.35	6.2500	94.306	0.010604	5.1496	7.2702	166.20	21.574	33.760	314.03	2.7963	20.543	0.027529	supercritical
271.81	6.2500	93.660	0.010677	5.1842	7.3195	166.38	21.569	33.691	315.04	2.7683	20.619	0.027620	supercritical
273.27	6.2500	93.025	0.010750	5.2187	7.3686	166.56	21.564	33.623	316.05	2.7407	20.695	0.027712	supercritical
274.73	6.2500	92.400	0.010822	5.2532	7.4176	166.74	21.560	33.558	317.06	2.7134	20.772	0.027803	supercritical
276.19	6.2500	91.785	0.010895	5.2876	7.4665	166.92	21.556	33.495	318.05	2.6865	20.848	0.027896	supercritical
277.65	6.2500	91.180	0.010967	5.3220	7.5154	167.09	21.552	33.433	319.04	2.6599	20.924	0.027988	supercritical
279.11	6.2500	90.584	0.011039	5.3563	7.5641	167.27	21.549	33.373	320.03	2.6337	21.000	0.028081	supercritical
280.57	6.2500	89.997	0.011111	5.3906	7.6128	167.44	21.546	33.316	321.01	2.6078	21.076	0.028174	supercritical
282.03	6.2500	89.419	0.011183	5.4248	7.6614	167.62	21.544	33.259	321.98	2.5823	21.152	0.028267	supercritical
283.49	6.2500	88.849	0.011255	5.4589	7.7099	167.79	21.542	33.205	322.95	2.5571	21.228	0.028360	supercritical
284.95	6.2500	88.288	0.011327	5.4931	7.7583	167.96	21.540	33.152	323.92	2.5321	21.304	0.028454	supercritical
286.41	6.2500	87.735	0.011398	5.5271	7.8066	168.13	21.538	33.101	324.87	2.5075	21.380	0.028548	supercritical
287.86	6.2500	87.191	0.011469	5.5612	7.8549	168.29	21.537	33.051	325.83	2.4832	21.455	0.028642	supercritical
289.32	6.2500	86.654	0.011540	5.5951	7.9031	168.46	21.536	33.002	326.77	2.4592	21.531	0.028736	supercritical
290.78	6.2500	86.124	0.011611	5.6291	7.9512	168.63	21.535	32.955	327.72	2.4355	21.607	0.028830	supercritical
292.24	6.2500	85.602	0.011682	5.6630	7.9993	168.79	21.535	32.910	328.65	2.4120	21.682	0.028925	supercritical
293.70	6.2500	85.088	0.011753	5.6969	8.0473	168.96	21.535	32.865	329.59	2.3889	21.757	0.029020	supercritical
295.16	6.2500	84.580	0.011823	5.7307	8.0952	169.12	21.535	32.822	330.51	2.3660	21.833	0.029115	supercritical
296.62	6.2500	84.079	0.011894	5.7645	8.1431	169.28	21.535	32.781	331.44	2.3434	21.908	0.029210	supercritical
298.08	6.2500	83.586	0.011964	5.7982	8.1909	169.44	21.536	32.740	332.36	2.3211	21.983	0.029305	supercritical
299.54	6.2500	83.099	0.012034	5.8320	8.2386	169.60	21.537	32.701	333.27	2.2990	22.058	0.029400	supercritical
301.00	6.2500	82.618	0.012104	5.8656	8.2863	169.76	21.538	32.662	334.18	2.2772	22.133	0.029495	supercritical
302.46	6.2500	82.143	0.012174	5.8993	8.3340	169.92	21.540	32.625	335.08	2.2556	22.208	0.029590	supercritical
303.92	6.2500	81.675	0.012244	5.9329	8.3816	170.08	21.541	32.589	335.98	2.2343	22.283	0.029686	supercritical
305.38	6.2500	81.213	0.012313	5.9665	8.4291	170.23	21.543	32.554	336.88	2.2132	22.358	0.029781	supercritical
306.84	6.2500	80.757	0.012383	6.0001	8.4766	170.39	21.545	32.520	337.77	2.1923	22.432	0.029876	supercritical
308.30	6.2500	80.307	0.012452	6.0337	8.5240	170.54	21.548	32.487	338.65	2.1717	22.507	0.029970	supercritical
309.76	6.2500	79.862	0.012522	6.0672	8.5714	170.69	21.550	32.455	339.54	2.1513	22.581	0.030063	supercritical
311.22	6.2500	79.423	0.012591	6.1007	8.6187	170.85	21.553	32.423	340.42	2.1312	22.655	0.030160	supercritical
312.67	6.2500	78.989	0.012660	6.1342	8.6660	171.00	21.556	32.393	341.29	2.1113	22.730	0.030258	supercritical
314.13	6.2500	78.561	0.012729	6.1676	8.7133	171.15	21.559	32.364	342.16	2.0915	22.804	0.030356	supercritical
315.59	6.2500	78.138	0.012798	6.2010	8.7605	171.30	21.563	32.335	343.03	2.0721	22.878	0.030453	supercritical
317.05	6.2500	77.720	0.012867	6.2344	8.8077	171.45	21.566	32.307	343.89	2.0528	22.952	0.030551	supercritical
318.51	6.2500	77.307	0.012935	6.2678	8.8548	171.60	21.570	32.280	344.75	2.0337	23.026	0.030649	supercritical
319.97	6.2500	76.899	0.013004	6.3012	8.9019	171.74	21.574	32.254	345.60	2.0148	23.099	0.030747	supercritical
321.43	6.2500	76.496	0.013073	6.3345	8.9490	171.89	21.579	32.229	346.45	1.9962	23.173	0.030845	supercritical
322.89	6.2500	76.098	0.013141	6.3679	8.9960	172.04	21.583	32.205	347.30	1.9777	23.247	0.030943	supercritical
324.35	6.2500	75.704	0.013209	6.4012	9.0430	172.18	21.588	32.181	348.14	1.9594	23.320	0.031041	supercritical
325.81	6.2500	75.315	0.013278	6.4345	9.0899	172.33	21.592	32.158	348.98	1.9414	23.393	0.031139	supercritical
327.27	6.2500	74.930	0.013346	6.4678	9.1368	172.47	21.597	32.135	349.82	1.9235	23.467	0.031237	supercritical
328.73	6.2500	74.550	0.013414	6.5010	9.1837	172.61	21.603	32.114	350.65	1.9058	23.540	0.031335	supercritical
330.19	6.2500	74.174	0.013482	6.5343	9.2305	172.75	21.608	32.093	351.48	1.8883	23.613	0.031433	supercritical
331.65	6.2500	73.802	0.013550	6.5675	9.2774	172.90	21.613	32.072	352.31	1.8709	23.686	0.031531	supercritical
333.11	6.2500	73.435	0.013618	6.6007	9.3242	173.04	21.619	32.053	353.13	1.8538	23.759	0.031630	supercritical
334.57	6.2500	73.071	0.013685	6.6340	9.3709	173.18	21.625	32.034	353.95	1.8368	23.832	0.031728	supercritical
336.02	6.2500	72.711	0.013753	6.6672	9.4177	173.32	21.631	32.015	354.77	1.8200	23.904	0.031826	supercritical
337.48	6.2500	72.356	0.013821	6.7004	9.4644	173.46	21.637	31.997	355.58	1.8033	23.977	0.031924	supercritical
338.94	6.2500	72.004	0.013888	6.7335	9.5111	173.59	21.644	31.980	356.39	1.7869	24.049	0.032023	supercritical
340.40	6.2500	71.656	0.013956	6.7667	9.5577	173.73	21.650	31.963	357.19	1.7706	24.122	0.032121	supercritical
341.86	6.2500	71.312	0.014023	6.7999	9.6043	173.87	21.657	31.947	358.00	1.7544	24.194	0.032219	supercritical
343.32	6.2500	70.971	0.014090	6.8330	9.6510	174.00	21.663	31.932	358.80	1.7385	24.266	0.032317	supercritical
344.78	6.2500	70.634	0.014158	6.8662	9.6976	174.14	21.670	31.916	359.59	1.7226	24.338	0.032416	supercritical
346.24	6.2500	70.300	0.014225	6.8993	9.7441	174.27	21.678	31.902	360.39	1.7070	24.410	0.032514	supercritical
347.70	6.2500	69.970	0.014292	6.9324	9.7907	174.41	21.685	31.888	361.18	1.6915	24.482	0.032612	supercritical
349.16	6.2500	69.644	0.014359	6.9655	9.8372	174.54	21.692	31.874	361.96	1.6761	24.554	0.032711	supercritical
350.62	6.2500	69.320	0.014426	6.9987	9.8837	174.67	21.700	31.861	362.75	1.6609	24.625	0.032809	supercritical
352.08	6.2500	69.000	0.014493	7.0318	9.9302	174.81	21.707	31.849	363.53	1.6458	24.697	0.032907	supercritical
353.54	6.2500	68.684	0.014559	7.0649	9.9767	174.94	21.715	31.837	364.31	1.6309	24.769	0.033006	supercritical
355.00	6.2500	68.370	0.014626	7.0980	10.023	175.07	21.723	31.825	365.08	1.6162	24.840	0.033104	supercritical
356.46	6.2500	68.060	0.014693	7.1311	10.070	175.20	21.731	31.814	365.86	1.6015	24.911	0.033202	supercritical
357.92	6.2500	67.753	0.014760	7.1642	10.116	175.33	21.740	31.803	366.63	1.5870	24.982	0.033300	supercritical
359.38	6.2500	67.448	0.014826	7.1973	10.162	175.46	21.748	31.793	367.39	1.5727	25.053	0.033399	supercritical
360.83	6.2500	67.147	0.014893	7.2303	10.209	175.59	21.756	31.783	368.16	1.5585	25.124	0.033497	supercritical
362.29	6.2500	66.849	0.014959	7.2634	10.255	175.72	21.765	31.774	368.92	1.5444	25.195	0.033595	supercritical
363.75	6.2500	66.553	0.015026	7.2965	10.302	175.84	21.774	31.765	369.68	1.5304	25.266	0.033693	supercritical
365.21	6.2500	66.261	0.015092	7.3296	10.348	175.97	21.783	31.756	370.43	1.5166	25.337	0.033791	supercritical
366.67	6.2500	65.971	0.015158	7.3627	10.394	176.10	21.792	31.748	371.19	1.5029	25.407	0.033890	supercritical
368.13	6.2500	65.684	0.015224	7.3958	10.441	176.22	21.801	31.740	371.94	1.4894	25.478	0.033988	supercritical
369.59	6.2500	65.399	0.015291	7.4288	10.487	176.35	21.810	31.733	372.69	1.4759	25.548	0.034086	supercritical
371.05	6.2500	65.118	0.015357	7.4619	10.533	176.47	21.819	31.726	373.43	1.4626	25.618	0.034184	supercritical
372.51	6.2500	64.839	0.015423	7.4950	10.579	176.60	21.829	31.719	374.18	1.4494	25.689	0.034282	supercritical
373.97	6.2500	64.562	0.015489	7.5281	10.626	176.72	21.838	31.713	374.92	1.4364	25.759	0.034380	supercritical
375.43	6.2500	64.289	0.015555	7.5612	10.672	176.85	21.848	31.707	375.65	1.4234	25.829	0.034478	supercritical
376.89	6.2500	64.017	0.015621	7.5942	10.718	176.97	21.858	31.701	376.39	1.4106	25.899	0.034576	supercritical
378.35	6.2500	63.748	0.015687	7.6273	10.765	177.09	21.867	31.696	377.12	1.3979	25.968	0.034674	supercritical
379.81	6.2500	63.482	0.015752	7.6604	10.811	177.21	21.877	31.691	377.85	1.3853	26.038	0.034772	supercritical
381.27	6.2500	63.218	0.015818	7.6935	10.857	177.34	21.888	31.686	378.58	1.3728	26.108	0.034870	supercritical
382.73	6.2500	62.957	0.015884	7.7266	10.903	177.46	21.898	31.682	379.31	1.3604	26.177	0.034968	supercritical
384.19	6.2500	62.697	0.015950	7.7597	10.950	177.58	21.908	31.678	380.03	1.3481	26.246	0.035066	supercritical
385.64	6.2500	62.440	0.016015	7.7928	10.996	177.70	21.918	31.674	380.76	1.3360	26.316	0.035164	supercritical
387.10	6.2500	62.186	0.016081	7.8259	11.042	177.82	21.929	31.671	381.47	1.3239	26.385	0.035262	supercritical
388.56	6.2500	61.933	0.016146	7.8590	11.088	177.94	21.939	31.667	382.19	1.3120	26.454	0.035359	supercritical
390.02	6.2500	61.683	0.016212	7.8921	11.134	178.06	21.950	31.665	382.91	1.3002	26.523	0.035457	supercritical
391.48	6.2500	61.435	0.016277	7.9253	11.181	178.17	21.961	31.662	383.62	1.2884	26.592	0.035555	supercritical
392.94	6.2500	61.189	0.016343	7.9584	11.227	178.29	21.972	31.660	384.33	1.2768	26.661	0.035653	supercritical
394.40	6.2500	60.945	0.016408	7.9915	11.273	178.41	21.983	31.658	385.04	1.2653	26.730	0.035750	supercritical
395.86	6.2500	60.704	0.016473	8.0246	11.319	178.53	21.994	31.656	385.74	1.2538	26.798	0.035848	supercritical
397.32	6.2500	60.464	0.016539	8.0578	11.365	178.64	22.005	31.654	386.45	1.2425	26.867	0.035945	supercritical
398.78	6.2500	60.226	0.016604	8.0909	11.412	178.76	22.016	31.653	387.15	1.2313	26.935	0.036043	supercritical
400.24	6.2500	59.991	0.016669	8.1241	11.458	178.87	22.027	31.652	387.85	1.2202	27.004	0.036141	supercritical
401.70	6.2500	59.757	0.016734	8.1572	11.504	178.99	22.038	31.652	388.55	1.2091	27.072	0.036238	supercritical
403.16	6.2500	59.526	0.016800	8.1904	11.550	179.10	22.050	31.651	389.24	1.1982	27.140	0.036335	supercritical
404.62	6.2500	59.296	0.016865	8.2236	11.596	179.22	22.061	31.651	389.94	1.1873	27.208	0.036433	supercritical
406.08	6.2500	59.068	0.016930	8.2568	11.643	179.33	22.073	31.651	390.63	1.1766	27.276	0.036530	supercritical
407.54	6.2500	58.842	0.016995	8.2900	11.689	179.45	22.085	31.651	391.32	1.1659	27.344	0.036627	supercritical
408.99	6.2500	58.618	0.017060	8.3232	11.735	179.56	22.096	31.651	392.00	1.1553	27.412	0.036725	supercritical
410.45	6.2500	58.396	0.017125	8.3564	11.781	179.67	22.108	31.652	392.69	1.1448	27.479	0.036822	supercritical
411.91	6.2500	58.175	0.017189	8.3896	11.827	179.78	22.120	31.653	393.37	1.1344	27.547	0.036919	supercritical
413.37	6.2500	57.957	0.017254	8.4228	11.874	179.90	22.132	31.654	394.05	1.1241	27.614	0.037016	supercritical
414.83	6.2500	57.740	0.017319	8.4560	11.920	180.01	22.144	31.655	394.73	1.1139	27.682	0.037113	supercritical
416.29	6.2500	57.524	0.017384	8.4893	11.966	180.12	22.156	31.657	395.41	1.1038	27.749	0.037210	supercritical
417.75	6.2500	57.311	0.017449	8.5225	12.012	180.23	22.168	31.659	396.09	1.0937	27.816	0.037307	supercritical
419.21	6.2500	57.099	0.017513	8.5558	12.058	180.34	22.180	31.661	396.76	1.0838	27.884	0.037404	supercritical
420.67	6.2500	56.889	0.017578	8.5891	12.105	180.45	22.192	31.663	397.43	1.0739	27.951	0.037501	supercritical
422.13	6.2500	56.681	0.017643	8.6223	12.151	180.56	22.205	31.665	398.10	1.0641	28.018	0.037598	supercritical
423.59	6.2500	56.474	0.017707	8.6556	12.197	180.67	22.217	31.667	398.77	1.0543	28.084	0.037695	supercritical
425.05	6.2500	56.269	0.017772	8.6889	12.243	180.78	22.230	31.670	399.44	1.0447	28.151	0.037792	supercritical
426.51	6.2500	56.065	0.017836	8.7222	12.289	180.89	22.242	31.673	400.10	1.0351	28.218	0.037889	supercritical
427.97	6.2500	55.863	0.017901	8.7556	12.336	180.99	22.255	31.676	400.77	1.0256	28.285	0.037985	supercritical
429.43	6.2500	55.662	0.017965	8.7889	12.382	181.10	22.267	31.679	401.43	1.0162	28.351	0.038082	supercritical
430.89	6.2500	55.463	0.018030	8.8222	12.428	181.21	22.280	31.683	402.09	1.0069	28.417	0.038179	supercritical
432.35	6.2500	55.266	0.018094	8.8556	12.474	181.32	22.293	31.686	402.75	0.99764	28.484	0.038275	supercritical
433.80	6.2500	55.070	0.018159	8.8890	12.521	181.42	22.305	31.690	403.40	0.98846	28.550	0.038372	supercritical
435.26	6.2500	54.875	0.018223	8.9223	12.567	181.53	22.318	31.694	404.06	0.97935	28.616	0.038468	supercritical
436.72	6.2500	54.682	0.018287	8.9557	12.613	181.64	22.331	31.698	404.71	0.97032	28.682	0.038565	supercritical
438.18	6.2500	54.491	0.018352	8.9891	12.659	181.74	22.344	31.702	405.36	0.96135	28.748	0.038661	supercritical
439.64	6.2500	54.300	0.018416	9.0225	12.706	181.85	22.357	31.706	406.01	0.95246	28.814	0.038757	supercritical
441.10	6.2500	54.112	0.018480	9.0560	12.752	181.95	22.370	31.711	406.66	0.94364	28.880	0.038854	supercritical
442.56	6.2500	53.924	0.018545	9.0894	12.798	182.06	22.383	31.715	407.30	0.93489	28.946	0.038950	supercritical
444.02	6.2500	53.738	0.018609	9.1229	12.844	182.16	22.396	31.720	407.95	0.92621	29.011	0.039046	supercritical
445.48	6.2500	53.554	0.018673	9.1563	12.891	182.27	22.409	31.725	408.59	0.91760	29.077	0.039142	supercritical
446.94	6.2500	53.370	0.018737	9.1898	12.937	182.37	22.422	31.730	409.23	0.90906	29.142	0.039238	supercritical
448.40	6.2500	53.188	0.018801	9.2233	12.983	182.47	22.436	31.735	409.87	0.90058	29.208	0.039334	supercritical
449.86	6.2500	53.008	0.018865	9.2568	13.030	182.58	22.449	31.741	410.51	0.89217	29.273	0.039430	supercritical
451.32	6.2500	52.828	0.018929	9.2903	13.076	182.68	22.462	31.746	411.15	0.88383	29.338	0.039526	supercritical
452.78	6.2500	52.650	0.018993	9.3238	13.122	182.78	22.475	31.752	411.78	0.87555	29.403	0.039622	supercritical
454.24	6.2500	52.473	0.019057	9.3574	13.169	182.88	22.489	31.758	412.42	0.86733	29.468	0.039718	supercritical
455.70	6.2500	52.298	0.019121	9.3909	13.215	182.99	22.502	31.763	413.05	0.85918	29.533	0.039814	supercritical
457.15	6.2500	52.123	0.019185	9.4245	13.261	183.09	22.516	31.769	413.68	0.85110	29.598	0.039910	supercritical
458.61	6.2500	51.950	0.019249	9.4581	13.308	183.19	22.529	31.775	414.31	0.84307	29.663	0.040005	supercritical
460.07	6.2500	51.778	0.019313	9.4917	13.354	183.29	22.543	31.782	414.94	0.83511	29.728	0.040101	supercritical
461.53	6.2500	51.608	0.019377	9.5253	13.401	183.39	22.556	31.788	415.56	0.82721	29.792	0.040196	supercritical
462.99	6.2500	51.438	0.019441	9.5589	13.447	183.49	22.570	31.794	416.19	0.81937	29.857	0.040292	supercritical
464.45	6.2500	51.270	0.019505	9.5926	13.493	183.59	22.583	31.801	416.81	0.81159	29.921	0.040387	supercritical
465.91	6.2500	51.103	0.019568	9.6262	13.540	183.69	22.597	31.808	417.43	0.80387	29.986	0.040483	supercritical
467.37	6.2500	50.937	0.019632	9.6599	13.586	183.79	22.611	31.814	418.06	0.79621	30.050	0.040578	supercritical
468.83	6.2500	50.772	0.019696	9.6936	13.633	183.89	22.624	31.821	418.67	0.78861	30.114	0.040674	supercritical
470.29	6.2500	50.608	0.019760	9.7273	13.679	183.99	22.638	31.828	419.29	0.78106	30.178	0.040769	supercritical
471.75	6.2500	50.445	0.019824	9.7610	13.726	184.09	22.652	31.835	419.91	0.77357	30.242	0.040864	supercritical
473.21	6.2500	50.284	0.019887	9.7947	13.772	184.18	22.665	31.842	420.52	0.76614	30.306	0.040959	supercritical
474.67	6.2500	50.123	0.019951	9.8284	13.818	184.28	22.679	31.850	421.14	0.75877	30.370	0.041054	supercritical
476.13	6.2500	49.964	0.020015	9.8622	13.865	184.38	22.693	31.857	421.75	0.75145	30.434	0.041150	supercritical
477.59	6.2500	49.805	0.020078	9.8960	13.911	184.48	22.707	31.864	422.36	0.74419	30.498	0.041245	supercritical
479.05	6.2500	49.648	0.020142	9.9297	13.958	184.58	22.721	31.872	422.97	0.73698	30.561	0.041340	supercritical
480.51	6.2500	49.492	0.020205	9.9636	14.004	184.67	22.734	31.880	423.58	0.72982	30.625	0.041434	supercritical
481.96	6.2500	49.337	0.020269	9.9974	14.051	184.77	22.748	31.887	424.19	0.72272	30.688	0.041529	supercritical
483.42	6.2500	49.182	0.020332	10.031	14.098	184.87	22.762	31.895	424.79	0.71567	30.752	0.041624	supercritical
484.88	6.2500	49.029	0.020396	10.065	14.144	184.96	22.776	31.903	425.40	0.70867	30.815	0.041719	supercritical
486.34	6.2500	48.877	0.020459	10.099	14.191	185.06	22.790	31.911	426.00	0.70172	30.878	0.041814	supercritical
487.80	6.2500	48.726	0.020523	10.133	14.237	185.15	22.804	31.919	426.60	0.69483	30.942	0.041908	supercritical
489.26	6.2500	48.576	0.020586	10.167	14.284	185.25	22.818	31.927	427.20	0.68799	31.005	0.042003	supercritical
490.72	6.2500	48.426	0.020650	10.201	14.330	185.34	22.832	31.935	427.80	0.68119	31.068	0.042098	supercritical
492.18	6.2500	48.278	0.020713	10.235	14.377	185.44	22.846	31.943	428.40	0.67445	31.131	0.042192	supercritical
493.64	6.2500	48.131	0.020777	10.268	14.424	185.53	22.860	31.952	429.00	0.66776	31.194	0.042286	supercritical
495.10	6.2500	47.984	0.020840	10.302	14.470	185.63	22.874	31.960	429.59	0.66111	31.256	0.042381	supercritical
496.56	6.2500	47.839	0.020903	10.336	14.517	185.72	22.888	31.969	430.19	0.65452	31.319	0.042475	supercritical
498.02	6.2500	47.694	0.020967	10.370	14.564	185.82	22.902	31.977	430.78	0.64797	31.382	0.042570	supercritical
499.48	6.2500	47.551	0.021030	10.404	14.610	185.91	22.916	31.986	431.37	0.64147	31.444	0.042664	supercritical
500.94	6.2500	47.408	0.021093	10.438	14.657	186.00	22.930	31.994	431.97	0.63502	31.507	0.042758	supercritical
502.40	6.2500	47.266	0.021157	10.472	14.704	186.10	22.944	32.003	432.56	0.62861	31.569	0.042852	supercritical
503.86	6.2500	47.125	0.021220	10.507	14.750	186.19	22.958	32.012	433.14	0.62225	31.631	0.042946	supercritical
505.32	6.2500	46.985	0.021283	10.541	14.797	186.28	22.972	32.021	433.73	0.61593	31.694	0.043040	supercritical
506.77	6.2500	46.846	0.021347	10.575	14.844	186.37	22.986	32.030	434.32	0.60966	31.756	0.043134	supercritical
508.23	6.2500	46.708	0.021410	10.609	14.891	186.46	23.000	32.039	434.90	0.60344	31.818	0.043228	supercritical
509.69	6.2500	46.570	0.021473	10.643	14.937	186.56	23.014	32.048	435.49	0.59726	31.880	0.043322	supercritical
511.15	6.2500	46.434	0.021536	10.677	14.984	186.65	23.029	32.057	436.07	0.59112	31.942	0.043416	supercritical
512.61	6.2500	46.298	0.021599	10.711	15.031	186.74	23.043	32.066	436.65	0.58503	32.004	0.043510	supercritical
514.07	6.2500	46.163	0.021662	10.745	15.078	186.83	23.057	32.075	437.23	0.57898	32.066	0.043603	supercritical
515.53	6.2500	46.029	0.021726	10.780	15.125	186.92	23.071	32.084	437.81	0.57298	32.127	0.043697	supercritical
516.99	6.2500	45.895	0.021789	10.814	15.171	187.01	23.085	32.094	438.39	0.56702	32.189	0.043791	supercritical
518.45	6.2500	45.763	0.021852	10.848	15.218	187.10	23.099	32.103	438.97	0.56109	32.251	0.043884	supercritical
519.91	6.2500	45.631	0.021915	10.882	15.265	187.19	23.113	32.112	439.55	0.55521	32.312	0.043978	supercritical
521.37	6.2500	45.500	0.021978	10.917	15.312	187.28	23.127	32.122	440.12	0.54938	32.374	0.044071	supercritical
522.83	6.2500	45.370	0.022041	10.951	15.359	187.37	23.141	32.131	440.70	0.54358	32.435	0.044165	supercritical
524.29	6.2500	45.241	0.022104	10.985	15.406	187.46	23.155	32.141	441.27	0.53782	32.496	0.044258	supercritical
525.75	6.2500	45.112	0.022167	11.019	15.453	187.55	23.170	32.150	441.84	0.53211	32.557	0.044351	supercritical
527.21	6.2500	44.984	0.022230	11.054	15.500	187.64	23.184	32.160	442.41	0.52643	32.619	0.044445	supercritical
528.67	6.2500	44.857	0.022293	11.088	15.547	187.73	23.198	32.170	442.98	0.52079	32.680	0.044538	supercritical
530.12	6.2500	44.731	0.022356	11.122	15.593	187.82	23.212	32.179	443.55	0.51520	32.741	0.044631	supercritical
531.58	6.2500	44.605	0.022419	11.157	15.640	187.91	23.226	32.189	444.12	0.50964	32.802	0.044724	supercritical
533.04	6.2500	44.480	0.022482	11.191	15.687	188.00	23.240	32.199	444.69	0.50412	32.863	0.044817	supercritical
534.50	6.2500	44.356	0.022545	11.226	15.734	188.08	23.254	32.209	445.25	0.49863	32.923	0.044910	supercritical
535.96	6.2500	44.232	0.022608	11.260	15.781	188.17	23.268	32.219	445.82	0.49319	32.984	0.045003	supercritical
537.42	6.2500	44.110	0.022671	11.294	15.828	188.26	23.282	32.229	446.38	0.48778	33.045	0.045096	supercritical
538.88	6.2500	43.988	0.022734	11.329	15.876	188.35	23.296	32.238	446.95	0.48241	33.105	0.045189	supercritical
540.34	6.2500	43.866	0.022797	11.363	15.923	188.43	23.310	32.248	447.51	0.47708	33.166	0.045282	supercritical
541.80	6.2500	43.746	0.022859	11.398	15.970	188.52	23.324	32.258	448.07	0.47178	33.226	0.045374	supercritical
543.26	6.2500	43.626	0.022922	11.432	16.017	188.61	23.338	32.268	448.63	0.46652	33.287	0.045467	supercritical
544.72	6.2500	43.507	0.022985	11.467	16.064	188.69	23.353	32.278	449.19	0.46129	33.347	0.045560	supercritical
546.18	6.2500	43.388	0.023048	11.502	16.111	188.78	23.367	32.288	449.75	0.45610	33.407	0.045652	supercritical
547.64	6.2500	43.270	0.023111	11.536	16.158	188.87	23.381	32.299	450.31	0.45095	33.467	0.045745	supercritical
549.10	6.2500	43.153	0.023173	11.571	16.205	188.95	23.395	32.309	450.86	0.44583	33.528	0.045837	supercritical
550.56	6.2500	43.036	0.023236	11.605	16.252	189.04	23.409	32.319	451.42	0.44074	33.588	0.045930	supercritical
552.02	6.2500	42.920	0.023299	11.640	16.300	189.12	23.423	32.329	451.97	0.43569	33.648	0.046022	supercritical
553.48	6.2500	42.805	0.023362	11.675	16.347	189.21	23.437	32.339	452.53	0.43068	33.707	0.046114	supercritical
554.93	6.2500	42.690	0.023425	11.709	16.394	189.29	23.451	32.349	453.08	0.42569	33.767	0.046207	supercritical
556.39	6.2500	42.576	0.023487	11.744	16.441	189.38	23.464	32.360	453.63	0.42074	33.827	0.046299	supercritical
557.85	6.2500	42.463	0.023550	11.779	16.488	189.46	23.478	32.370	454.18	0.41582	33.887	0.046391	supercritical
559.31	6.2500	42.350	0.023613	11.813	16.536	189.55	23.492	32.380	454.73	0.41094	33.946	0.046483	supercritical
560.77	6.2500	42.238	0.023675	11.848	16.583	189.63	23.506	32.391	455.28	0.40609	34.006	0.046575	supercritical
562.23	6.2500	42.126	0.023738	11.883	16.630	189.72	23.520	32.401	455.83	0.40127	34.066	0.046667	supercritical
563.69	6.2500	42.016	0.023801	11.917	16.677	189.80	23.534	32.411	456.38	0.39648	34.125	0.046759	supercritical
565.15	6.2500	41.905	0.023863	11.952	16.725	189.89	23.548	32.422	456.92	0.39172	34.184	0.046851	supercritical
566.61	6.2500	41.796	0.023926	11.987	16.772	189.97	23.562	32.432	457.47	0.38700	34.244	0.046943	supercritical
568.07	6.2500	41.686	0.023989	12.022	16.819	190.05	23.576	32.442	458.01	0.38230	34.303	0.047035	supercritical
569.53	6.2500	41.578	0.024051	12.057	16.867	190.14	23.590	32.453	458.56	0.37764	34.362	0.047126	supercritical
570.99	6.2500	41.470	0.024114	12.092	16.914	190.22	23.603	32.463	459.10	0.37301	34.421	0.047218	supercritical
572.45	6.2500	41.363	0.024176	12.126	16.962	190.30	23.617	32.474	459.64	0.36840	34.480	0.047310	supercritical
573.91	6.2500	41.256	0.024239	12.161	17.009	190.38	23.631	32.484	460.18	0.36383	34.539	0.047401	supercritical
575.37	6.2500	41.150	0.024302	12.196	17.056	190.47	23.645	32.495	460.72	0.35929	34.598	0.047493	supercritical
576.83	6.2500	41.044	0.024364	12.231	17.104	190.55	23.658	32.505	461.26	0.35477	34.657	0.047585	supercritical
578.29	6.2500	40.939	0.024427	12.266	17.151	190.63	23.672	32.516	461.80	0.35029	34.716	0.047676	supercritical
579.74	6.2500	40.834	0.024489	12.301	17.199	190.71	23.686	32.526	462.34	0.34584	34.775	0.047767	supercritical
581.20	6.2500	40.730	0.024552	12.336	17.246	190.80	23.700	32.537	462.88	0.34141	34.833	0.047859	supercritical
582.66	6.2500	40.627	0.024614	12.371	17.294	190.88	23.713	32.547	463.42	0.33701	34.892	0.047950	supercritical
584.12	6.2500	40.524	0.024677	12.406	17.341	190.96	23.727	32.558	463.95	0.33264	34.950	0.048041	supercritical
585.58	6.2500	40.422	0.024739	12.441	17.389	191.04	23.741	32.568	464.49	0.32830	35.009	0.048133	supercritical
587.04	6.2500	40.320	0.024802	12.476	17.436	191.12	23.754	32.579	465.02	0.32399	35.067	0.048224	supercritical
588.50	6.2500	40.218	0.024864	12.511	17.484	191.20	23.768	32.589	465.55	0.31970	35.126	0.048315	supercritical
589.96	6.2500	40.118	0.024927	12.546	17.531	191.28	23.782	32.600	466.09	0.31544	35.184	0.048406	supercritical
591.42	6.2500	40.017	0.024989	12.581	17.579	191.36	23.795	32.611	466.62	0.31121	35.242	0.048497	supercritical
592.88	6.2500	39.918	0.025052	12.616	17.627	191.44	23.809	32.621	467.15	0.30700	35.300	0.048588	supercritical
594.34	6.2500	39.818	0.025114	12.652	17.674	191.52	23.822	32.632	467.68	0.30283	35.358	0.048679	supercritical
595.80	6.2500	39.720	0.025176	12.687	17.722	191.60	23.836	32.642	468.21	0.29867	35.416	0.048770	supercritical
597.26	6.2500	39.621	0.025239	12.722	17.769	191.68	23.849	32.653	468.74	0.29455	35.474	0.048861	supercritical
598.72	6.2500	39.524	0.025301	12.757	17.817	191.76	23.863	32.664	469.26	0.29045	35.532	0.048951	supercritical
600.18	6.2500	39.426	0.025364	12.792	17.865	191.84	23.876	32.674	469.79	0.28637	35.590	0.049042	supercritical
601.64	6.2500	39.330	0.025426	12.827	17.912	191.92	23.890	32.685	470.32	0.28233	35.648	0.049133	supercritical
603.09	6.2500	39.234	0.025488	12.863	17.960	192.00	23.903	32.695	470.84	0.27830	35.706	0.049223	supercritical
604.55	6.2500	39.138	0.025551	12.898	18.008	192.08	23.916	32.706	471.37	0.27431	35.764	0.049314	supercritical
606.01	6.2500	39.042	0.025613	12.933	18.056	192.16	23.930	32.717	471.89	0.27033	35.821	0.049404	supercritical
607.47	6.2500	38.948	0.025675	12.968	18.103	192.24	23.943	32.727	472.42	0.26638	35.879	0.049495	supercritical
608.93	6.2500	38.853	0.025738	13.004	18.151	192.32	23.956	32.738	472.94	0.26246	35.936	0.049585	supercritical
610.39	6.2500	38.760	0.025800	13.039	18.199	192.39	23.970	32.748	473.46	0.25856	35.994	0.049676	supercritical
611.85	6.2500	38.666	0.025862	13.074	18.247	192.47	23.983	32.759	473.98	0.25469	36.051	0.049766	supercritical
613.31	6.2500	38.573	0.025925	13.110	18.295	192.55	23.996	32.770	474.50	0.25083	36.108	0.049856	supercritical
614.77	6.2500	38.481	0.025987	13.145	18.342	192.63	24.010	32.780	475.02	0.24701	36.166	0.049947	supercritical
616.23	6.2500	38.389	0.026049	13.181	18.390	192.71	24.023	32.791	475.54	0.24320	36.223	0.050037	supercritical
617.69	6.2500	38.297	0.026112	13.216	18.438	192.78	24.036	32.802	476.06	0.23942	36.280	0.050127	supercritical
619.15	6.2500	38.206	0.026174	13.251	18.486	192.86	24.049	32.812	476.58	0.23566	36.337	0.050217	supercritical
620.61	6.2500	38.115	0.026236	13.287	18.534	192.94	24.062	32.823	477.09	0.23193	36.394	0.050307	supercritical
622.07	6.2500	38.025	0.026298	13.322	18.582	193.02	24.075	32.833	477.61	0.22822	36.451	0.050397	supercritical
623.53	6.2500	37.935	0.026361	13.358	18.630	193.09	24.089	32.844	478.13	0.22453	36.508	0.050487	supercritical
624.99	6.2500	37.846	0.026423	13.393	18.678	193.17	24.102	32.855	478.64	0.22086	36.565	0.050577	supercritical
626.45	6.2500	37.757	0.026485	13.429	18.726	193.25	24.115	32.865	479.16	0.21721	36.622	0.050667	supercritical
627.90	6.2500	37.669	0.026547	13.464	18.774	193.32	24.128	32.876	479.67	0.21359	36.679	0.050757	supercritical
629.36	6.2500	37.581	0.026610	13.500	18.822	193.40	24.141	32.886	480.18	0.20999	36.735	0.050846	supercritical
630.82	6.2500	37.493	0.026672	13.535	18.870	193.48	24.154	32.897	480.69	0.20641	36.792	0.050936	supercritical
632.28	6.2500	37.406	0.026734	13.571	18.918	193.55	24.167	32.908	481.21	0.20285	36.848	0.051026	supercritical
633.74	6.2500	37.319	0.026796	13.607	18.966	193.63	24.180	32.918	481.72	0.19932	36.905	0.051115	supercritical
635.20	6.2500	37.232	0.026858	13.642	19.014	193.70	24.192	32.929	482.23	0.19580	36.961	0.051205	supercritical
636.66	6.2500	37.147	0.026920	13.678	19.062	193.78	24.205	32.939	482.74	0.19231	37.018	0.051294	supercritical
638.12	6.2500	37.061	0.026983	13.713	19.110	193.85	24.218	32.950	483.24	0.18883	37.074	0.051384	supercritical
639.58	6.2500	36.976	0.027045	13.749	19.158	193.93	24.231	32.960	483.75	0.18538	37.130	0.051473	supercritical
641.04	6.2500	36.891	0.027107	13.785	19.206	194.00	24.244	32.971	484.26	0.18195	37.187	0.051563	supercritical
642.50	6.2500	36.807	0.027169	13.821	19.254	194.08	24.257	32.981	484.77	0.17854	37.243	0.051652	supercritical
643.96	6.2500	36.723	0.027231	13.856	19.302	194.15	24.269	32.992	485.27	0.17514	37.299	0.051741	supercritical
645.42	6.2500	36.639	0.027293	13.892	19.350	194.23	24.282	33.002	485.78	0.17177	37.355	0.051831	supercritical
646.88	6.2500	36.556	0.027355	13.928	19.399	194.30	24.295	33.013	486.28	0.16842	37.411	0.051920	supercritical
648.34	6.2500	36.473	0.027417	13.963	19.447	194.38	24.308	33.023	486.79	0.16509	37.467	0.052009	supercritical
649.80	6.2500	36.391	0.027480	13.999	19.495	194.45	24.320	33.034	487.29	0.16178	37.523	0.052098	supercritical
651.25	6.2500	36.309	0.027542	14.035	19.543	194.53	24.333	33.044	487.80	0.15848	37.579	0.052187	supercritical
652.71	6.2500	36.227	0.027604	14.071	19.591	194.60	24.345	33.055	488.30	0.15521	37.635	0.052276	supercritical
654.17	6.2500	36.146	0.027666	14.107	19.640	194.67	24.358	33.065	488.80	0.15195	37.691	0.052365	supercritical
655.63	6.2500	36.065	0.027728	14.143	19.688	194.75	24.371	33.076	489.30	0.14872	37.746	0.052454	supercritical
657.09	6.2500	35.984	0.027790	14.178	19.736	194.82	24.383	33.086	489.80	0.14550	37.802	0.052543	supercritical
658.55	6.2500	35.904	0.027852	14.214	19.785	194.89	24.396	33.097	490.30	0.14230	37.857	0.052632	supercritical
660.01	6.2500	35.824	0.027914	14.250	19.833	194.97	24.408	33.107	490.80	0.13912	37.913	0.052721	supercritical
661.47	6.2500	35.745	0.027976	14.286	19.881	195.04	24.420	33.117	491.30	0.13596	37.968	0.052809	supercritical
662.93	6.2500	35.666	0.028038	14.322	19.929	195.11	24.433	33.128	491.80	0.13282	38.024	0.052898	supercritical
664.39	6.2500	35.587	0.028100	14.358	19.978	195.19	24.445	33.138	492.29	0.12969	38.079	0.052987	supercritical
665.85	6.2500	35.509	0.028162	14.394	20.026	195.26	24.458	33.149	492.79	0.12658	38.135	0.053075	supercritical
667.31	6.2500	35.431	0.028224	14.430	20.075	195.33	24.470	33.159	493.29	0.12349	38.190	0.053164	supercritical
668.77	6.2500	35.353	0.028286	14.466	20.123	195.40	24.482	33.169	493.78	0.12042	38.245	0.053252	supercritical
670.23	6.2500	35.276	0.028348	14.502	20.171	195.48	24.494	33.180	494.28	0.11737	38.300	0.053341	supercritical
671.69	6.2500	35.199	0.028410	14.538	20.220	195.55	24.507	33.190	494.77	0.11433	38.355	0.053429	supercritical
673.15	6.2500	35.122	0.028472	14.574	20.268	195.62	24.519	33.200	495.27	0.11131	38.411	0.053518	supercritical
674.61	6.2500	35.046	0.028534	14.610	20.317	195.69	24.531	33.210	495.76	0.10831	38.466	0.053606	supercritical
676.06	6.2500	34.970	0.028596	14.646	20.365	195.76	24.543	33.221	496.25	0.10532	38.521	0.053694	supercritical
677.52	6.2500	34.894	0.028658	14.682	20.414	195.84	24.555	33.231	496.75	0.10236	38.575	0.053783	supercritical
678.98	6.2500	34.819	0.028720	14.718	20.462	195.91	24.568	33.241	497.24	0.099403	38.630	0.053871	supercritical
680.44	6.2500	34.744	0.028782	14.755	20.511	195.98	24.580	33.251	497.73	0.096468	38.685	0.053959	supercritical
681.90	6.2500	34.669	0.028844	14.791	20.559	196.05	24.592	33.262	498.22	0.093549	38.740	0.054047	supercritical
683.36	6.2500	34.595	0.028906	14.827	20.608	196.12	24.604	33.272	498.71	0.090646	38.795	0.054135	supercritical
684.82	6.2500	34.521	0.028968	14.863	20.656	196.19	24.616	33.282	499.20	0.087760	38.849	0.054223	supercritical
686.28	6.2500	34.448	0.029030	14.899	20.705	196.26	24.628	33.292	499.69	0.084890	38.904	0.054311	supercritical
687.74	6.2500	34.374	0.029092	14.935	20.754	196.33	24.640	33.302	500.18	0.082036	38.958	0.054399	supercritical
689.20	6.2500	34.301	0.029153	14.972	20.802	196.40	24.652	33.313	500.66	0.079197	39.013	0.054487	supercritical
690.66	6.2500	34.229	0.029215	15.008	20.851	196.48	24.663	33.323	501.15	0.076375	39.067	0.054575	supercritical
692.12	6.2500	34.156	0.029277	15.044	20.899	196.55	24.675	33.333	501.64	0.073568	39.122	0.054663	supercritical
693.58	6.2500	34.084	0.029339	15.080	20.948	196.62	24.687	33.343	502.12	0.070777	39.176	0.054751	supercritical
695.04	6.2500	34.012	0.029401	15.117	20.997	196.69	24.699	33.353	502.61	0.068001	39.231	0.054838	supercritical
696.50	6.2500	33.941	0.029463	15.153	21.045	196.76	24.711	33.363	503.09	0.065240	39.285	0.054926	supercritical
697.96	6.2500	33.870	0.029525	15.189	21.094	196.83	24.722	33.373	503.58	0.062495	39.339	0.055014	supercritical
699.42	6.2500	33.799	0.029587	15.226	21.143	196.90	24.734	33.383	504.06	0.059764	39.393	0.055101	supercritical
700.87	6.2500	33.728	0.029649	15.262	21.192	196.97	24.746	33.393	504.55	0.057049	39.447	0.055189	supercritical
702.33	6.2500	33.658	0.029710	15.298	21.240	197.03	24.757	33.403	505.03	0.054348	39.501	0.055276	supercritical
703.79	6.2500	33.588	0.029772	15.335	21.289	197.10	24.769	33.413	505.51	0.051662	39.555	0.055364	supercritical
705.25	6.2500	33.519	0.029834	15.371	21.338	197.17	24.781	33.423	505.99	0.048991	39.609	0.055451	supercritical
706.71	6.2500	33.449	0.029896	15.408	21.387	197.24	24.792	33.433	506.47	0.046334	39.663	0.055539	supercritical
708.17	6.2500	33.380	0.029958	15.444	21.435	197.31	24.804	33.443	506.96	0.043692	39.717	0.055626	supercritical
709.63	6.2500	33.312	0.030020	15.481	21.484	197.38	24.815	33.453	507.44	0.041064	39.771	0.055713	supercritical
711.09	6.2500	33.243	0.030081	15.517	21.533	197.45	24.827	33.463	507.92	0.038450	39.825	0.055801	supercritical
712.55	6.2500	33.175	0.030143	15.553	21.582	197.52	24.838	33.473	508.39	0.035850	39.879	0.055888	supercritical
714.01	6.2500	33.107	0.030205	15.590	21.631	197.59	24.850	33.483	508.87	0.033265	39.932	0.055975	supercritical
715.47	6.2500	33.039	0.030267	15.626	21.680	197.65	24.861	33.492	509.35	0.030693	39.986	0.056062	supercritical
716.93	6.2500	32.972	0.030329	15.663	21.729	197.72	24.873	33.502	509.83	0.028135	40.039	0.056149	supercritical
718.39	6.2500	32.905	0.030390	15.700	21.777	197.79	24.884	33.512	510.31	0.025590	40.093	0.056236	supercritical
719.85	6.2500	32.838	0.030452	15.736	21.826	197.86	24.895	33.522	510.78	0.023060	40.146	0.056323	supercritical
721.31	6.2500	32.772	0.030514	15.773	21.875	197.93	24.907	33.532	511.26	0.020542	40.200	0.056410	supercritical
722.77	6.2500	32.706	0.030576	15.809	21.924	197.99	24.918	33.541	511.73	0.018038	40.253	0.056497	supercritical
724.22	6.2500	32.640	0.030638	15.846	21.973	198.06	24.929	33.551	512.21	0.015548	40.307	0.056584	supercritical
725.68	6.2500	32.574	0.030699	15.882	22.022	198.13	24.940	33.561	512.68	0.013070	40.360	0.056671	supercritical
727.14	6.2500	32.509	0.030761	15.919	22.071	198.20	24.951	33.571	513.16	0.010606	40.413	0.056758	supercritical
728.60	6.2500	32.443	0.030823	15.956	22.120	198.26	24.963	33.580	513.63	0.0081549	40.466	0.056845	supercritical
730.06	6.2500	32.379	0.030885	15.992	22.169	198.33	24.974	33.590	514.11	0.0057165	40.520	0.056931	supercritical
731.52	6.2500	32.314	0.030946	16.029	22.218	198.40	24.985	33.600	514.58	0.0032910	40.573	0.057018	supercritical
732.98	6.2500	32.250	0.031008	16.066	22.267	198.47	24.996	33.609	515.05	0.00087819	40.626	0.057105	supercritical
734.44	6.2500	32.186	0.031070	16.103	22.316	198.53	25.007	33.619	515.52	-0.0015220	40.679	0.057191	supercritical
735.90	6.2500	32.122	0.031132	16.139	22.365	198.60	25.018	33.628	515.99	-0.0039096	40.732	0.057278	supercritical
737.36	6.2500	32.058	0.031193	16.176	22.414	198.67	25.029	33.638	516.46	-0.0062847	40.785	0.057364	supercritical
738.82	6.2500	31.995	0.031255	16.213	22.464	198.73	25.040	33.648	516.93	-0.0086475	40.838	0.057451	supercritical
740.28	6.2500	31.932	0.031317	16.250	22.513	198.80	25.051	33.657	517.40	-0.010998	40.891	0.057537	supercritical
741.74	6.2500	31.869	0.031378	16.286	22.562	198.87	25.062	33.667	517.87	-0.013336	40.943	0.057624	supercritical
743.20	6.2500	31.806	0.031440	16.323	22.611	198.93	25.073	33.676	518.34	-0.015662	40.996	0.057710	supercritical
744.66	6.2500	31.744	0.031502	16.360	22.660	199.00	25.083	33.686	518.81	-0.017976	41.049	0.057796	supercritical
746.12	6.2500	31.682	0.031564	16.397	22.709	199.06	25.094	33.695	519.28	-0.020279	41.102	0.057883	supercritical
747.58	6.2500	31.620	0.031625	16.434	22.758	199.13	25.105	33.705	519.75	-0.022569	41.154	0.057969	supercritical
749.03	6.2500	31.559	0.031687	16.470	22.808	199.20	25.116	33.714	520.21	-0.024848	41.207	0.058055	supercritical
750.49	6.2500	31.497	0.031749	16.507	22.857	199.26	25.126	33.723	520.68	-0.027114	41.259	0.058141	supercritical
751.95	6.2500	31.436	0.031810	16.544	22.906	199.33	25.137	33.733	521.14	-0.029370	41.312	0.058228	supercritical
753.41	6.2500	31.375	0.031872	16.581	22.955	199.39	25.148	33.742	521.61	-0.031613	41.364	0.058314	supercritical
754.87	6.2500	31.315	0.031934	16.618	23.005	199.46	25.158	33.751	522.08	-0.033846	41.417	0.058400	supercritical
756.33	6.2500	31.255	0.031995	16.655	23.054	199.52	25.169	33.761	522.54	-0.036067	41.469	0.058486	supercritical
757.79	6.2500	31.194	0.032057	16.692	23.103	199.59	25.180	33.770	523.00	-0.038276	41.521	0.058572	supercritical
759.25	6.2500	31.135	0.032119	16.729	23.152	199.65	25.190	33.779	523.47	-0.040475	41.574	0.058658	supercritical
760.71	6.2500	31.075	0.032180	16.766	23.202	199.72	25.201	33.789	523.93	-0.042662	41.626	0.058743	supercritical
762.17	6.2500	31.015	0.032242	16.803	23.251	199.78	25.211	33.798	524.39	-0.044838	41.678	0.058829	supercritical
763.63	6.2500	30.956	0.032304	16.840	23.300	199.85	25.222	33.807	524.86	-0.047003	41.730	0.058915	supercritical
765.09	6.2500	30.897	0.032365	16.877	23.350	199.91	25.232	33.816	525.32	-0.049158	41.782	0.059001	supercritical
766.55	6.2500	30.839	0.032427	16.914	23.399	199.98	25.243	33.826	525.78	-0.051301	41.835	0.059087	supercritical
768.01	6.2500	30.780	0.032489	16.951	23.448	200.04	25.253	33.835	526.24	-0.053434	41.887	0.059172	supercritical
769.47	6.2500	30.722	0.032550	16.988	23.498	200.10	25.263	33.844	526.70	-0.055556	41.939	0.059258	supercritical
770.93	6.2500	30.664	0.032612	17.025	23.547	200.17	25.274	33.853	527.16	-0.057667	41.990	0.059344	supercritical
772.38	6.2500	30.606	0.032673	17.062	23.597	200.23	25.284	33.862	527.62	-0.059768	42.042	0.059429	supercritical
773.84	6.2500	30.548	0.032735	17.099	23.646	200.30	25.294	33.871	528.08	-0.061859	42.094	0.059515	supercritical
775.30	6.2500	30.491	0.032797	17.136	23.695	200.36	25.305	33.880	528.54	-0.063939	42.146	0.059600	supercritical
776.76	6.2500	30.434	0.032858	17.173	23.745	200.42	25.315	33.889	529.00	-0.066008	42.198	0.059686	supercritical
778.22	6.2500	30.377	0.032920	17.211	23.794	200.49	25.325	33.898	529.45	-0.068068	42.250	0.059771	supercritical
779.68	6.2500	30.320	0.032981	17.248	23.844	200.55	25.335	33.907	529.91	-0.070117	42.301	0.059857	supercritical
781.14	6.2500	30.264	0.033043	17.285	23.893	200.61	25.345	33.916	530.37	-0.072156	42.353	0.059942	supercritical
782.60	6.2500	30.207	0.033105	17.322	23.943	200.68	25.355	33.925	530.83	-0.074185	42.404	0.060027	supercritical
784.06	6.2500	30.151	0.033166	17.359	23.992	200.74	25.366	33.934	531.28	-0.076205	42.456	0.060113	supercritical
785.52	6.2500	30.095	0.033228	17.397	24.042	200.80	25.376	33.943	531.74	-0.078214	42.508	0.060198	supercritical
786.98	6.2500	30.040	0.033289	17.434	24.091	200.87	25.386	33.952	532.19	-0.080213	42.559	0.060283	supercritical
788.44	6.2500	29.984	0.033351	17.471	24.141	200.93	25.396	33.961	532.65	-0.082203	42.611	0.060368	supercritical
789.90	6.2500	29.929	0.033412	17.508	24.191	200.99	25.406	33.970	533.10	-0.084183	42.662	0.060453	supercritical
791.36	6.2500	29.874	0.033474	17.546	24.240	201.06	25.416	33.979	533.56	-0.086153	42.713	0.060539	supercritical
792.82	6.2500	29.819	0.033536	17.583	24.290	201.12	25.426	33.988	534.01	-0.088114	42.765	0.060624	supercritical
794.28	6.2500	29.764	0.033597	17.620	24.339	201.18	25.435	33.996	534.46	-0.090065	42.816	0.060709	supercritical
795.74	6.2500	29.710	0.033659	17.657	24.389	201.24	25.445	34.005	534.92	-0.092007	42.867	0.060794	supercritical
797.19	6.2500	29.656	0.033720	17.695	24.439	201.31	25.455	34.014	535.37	-0.093939	42.918	0.060879	supercritical
798.65	6.2500	29.602	0.033782	17.732	24.488	201.37	25.465	34.023	535.82	-0.095862	42.970	0.060964	supercritical
800.11	6.2500	29.548	0.033843	17.769	24.538	201.43	25.475	34.031	536.27	-0.097776	43.021	0.061048	supercritical
801.57	6.2500	29.494	0.033905	17.807	24.588	201.49	25.485	34.040	536.72	-0.099680	43.072	0.061133	supercritical
803.03	6.2500	29.441	0.033966	17.844	24.637	201.55	25.494	34.049	537.17	-0.10158	43.123	0.061218	supercritical
804.49	6.2500	29.388	0.034028	17.882	24.687	201.62	25.504	34.058	537.62	-0.10346	43.174	0.061303	supercritical
805.95	6.2500	29.335	0.034089	17.919	24.737	201.68	25.514	34.066	538.07	-0.10534	43.225	0.061388	supercritical
807.41	6.2500	29.282	0.034151	17.956	24.786	201.74	25.523	34.075	538.52	-0.10721	43.276	0.061472	supercritical
808.87	6.2500	29.229	0.034213	17.994	24.836	201.80	25.533	34.083	538.97	-0.10907	43.327	0.061557	supercritical
810.33	6.2500	29.177	0.034274	18.031	24.886	201.86	25.543	34.092	539.42	-0.11092	43.377	0.061642	supercritical
811.79	6.2500	29.124	0.034336	18.069	24.936	201.92	25.552	34.101	539.87	-0.11276	43.428	0.061726	supercritical
813.25	6.2500	29.072	0.034397	18.106	24.985	201.98	25.562	34.109	540.32	-0.11459	43.479	0.061811	supercritical
814.71	6.2500	29.020	0.034459	18.144	25.035	202.05	25.571	34.118	540.76	-0.11642	43.530	0.061895	supercritical
816.17	6.2500	28.969	0.034520	18.181	25.085	202.11	25.581	34.126	541.21	-0.11823	43.580	0.061980	supercritical
817.63	6.2500	28.917	0.034582	18.219	25.135	202.17	25.590	34.135	541.66	-0.12004	43.631	0.062064	supercritical
819.09	6.2500	28.866	0.034643	18.256	25.185	202.23	25.600	34.143	542.10	-0.12184	43.682	0.062149	supercritical
820.55	6.2500	28.815	0.034705	18.294	25.234	202.29	25.609	34.152	542.55	-0.12363	43.732	0.062233	supercritical
822.00	6.2500	28.764	0.034766	18.331	25.284	202.35	25.619	34.160	543.00	-0.12541	43.783	0.062317	supercritical
823.46	6.2500	28.713	0.034828	18.369	25.334	202.41	25.628	34.169	543.44	-0.12718	43.833	0.062402	supercritical
824.92	6.2500	28.662	0.034889	18.406	25.384	202.47	25.637	34.177	543.89	-0.12895	43.884	0.062486	supercritical
826.38	6.2500	28.612	0.034950	18.444	25.434	202.53	25.647	34.185	544.33	-0.13071	43.934	0.062570	supercritical
827.84	6.2500	28.562	0.035012	18.482	25.484	202.59	25.656	34.194	544.77	-0.13245	43.985	0.062654	supercritical
829.30	6.2500	28.512	0.035073	18.519	25.534	202.65	25.665	34.202	545.22	-0.13420	44.035	0.062739	supercritical
830.76	6.2500	28.462	0.035135	18.557	25.584	202.71	25.674	34.210	545.66	-0.13593	44.085	0.062823	supercritical
832.22	6.2500	28.412	0.035196	18.595	25.634	202.77	25.684	34.219	546.10	-0.13765	44.135	0.062907	supercritical
833.68	6.2500	28.362	0.035258	18.632	25.683	202.83	25.693	34.227	546.55	-0.13937	44.186	0.062991	supercritical
835.14	6.2500	28.313	0.035319	18.670	25.733	202.89	25.702	34.235	546.99	-0.14108	44.236	0.063075	supercritical
836.60	6.2500	28.264	0.035381	18.708	25.783	202.95	25.711	34.243	547.43	-0.14278	44.286	0.063159	supercritical
838.06	6.2500	28.215	0.035442	18.745	25.833	203.01	25.720	34.252	547.87	-0.14447	44.336	0.063243	supercritical
839.52	6.2500	28.166	0.035504	18.783	25.883	203.07	25.729	34.260	548.31	-0.14616	44.386	0.063327	supercritical
840.98	6.2500	28.117	0.035565	18.821	25.933	203.13	25.738	34.268	548.75	-0.14783	44.436	0.063411	supercritical
842.44	6.2500	28.069	0.035627	18.858	25.983	203.19	25.748	34.276	549.19	-0.14950	44.486	0.063495	supercritical
843.90	6.2500	28.021	0.035688	18.896	26.033	203.25	25.757	34.284	549.63	-0.15117	44.536	0.063579	supercritical
845.35	6.2500	27.972	0.035749	18.934	26.083	203.31	25.766	34.292	550.07	-0.15282	44.586	0.063662	supercritical
846.81	6.2500	27.925	0.035811	18.972	26.134	203.37	25.775	34.300	550.51	-0.15447	44.636	0.063746	supercritical
848.27	6.2500	27.877	0.035872	19.009	26.184	203.43	25.783	34.309	550.95	-0.15611	44.686	0.063830	supercritical
849.73	6.2500	27.829	0.035934	19.047	26.234	203.49	25.792	34.317	551.39	-0.15774	44.736	0.063913	supercritical
851.19	6.2500	27.782	0.035995	19.085	26.284	203.54	25.801	34.325	551.82	-0.15936	44.786	0.063997	supercritical
852.65	6.2500	27.734	0.036057	19.123	26.334	203.60	25.810	34.333	552.26	-0.16098	44.835	0.064081	supercritical
854.11	6.2500	27.687	0.036118	19.161	26.384	203.66	25.819	34.341	552.70	-0.16259	44.885	0.064164	supercritical
855.57	6.2500	27.640	0.036179	19.198	26.434	203.72	25.828	34.349	553.14	-0.16419	44.935	0.064248	supercritical
857.03	6.2500	27.593	0.036241	19.236	26.484	203.78	25.837	34.357	553.57	-0.16579	44.984	0.064331	supercritical
858.49	6.2500	27.547	0.036302	19.274	26.534	203.84	25.845	34.365	554.01	-0.16738	45.034	0.064415	supercritical
859.95	6.2500	27.500	0.036364	19.312	26.585	203.90	25.854	34.372	554.44	-0.16896	45.084	0.064498	supercritical
861.41	6.2500	27.454	0.036425	19.350	26.635	203.95	25.863	34.380	554.88	-0.17053	45.133	0.064582	supercritical
862.87	6.2500	27.407	0.036486	19.388	26.685	204.01	25.872	34.388	555.31	-0.17210	45.183	0.064665	supercritical
864.33	6.2500	27.361	0.036548	19.426	26.735	204.07	25.880	34.396	555.75	-0.17366	45.232	0.064749	supercritical
865.79	6.2500	27.316	0.036609	19.464	26.785	204.13	25.889	34.404	556.18	-0.17521	45.282	0.064832	supercritical
867.25	6.2500	27.270	0.036671	19.502	26.835	204.19	25.898	34.412	556.62	-0.17676	45.331	0.064915	supercritical
868.71	6.2500	27.224	0.036732	19.540	26.886	204.24	25.906	34.420	557.05	-0.17830	45.380	0.064998	supercritical
870.16	6.2500	27.179	0.036793	19.578	26.936	204.30	25.915	34.427	557.48	-0.17983	45.430	0.065082	supercritical
871.62	6.2500	27.134	0.036855	19.616	26.986	204.36	25.923	34.435	557.92	-0.18136	45.479	0.065165	supercritical
873.08	6.2500	27.088	0.036916	19.654	27.036	204.42	25.932	34.443	558.35	-0.18288	45.528	0.065248	supercritical
874.54	6.2500	27.043	0.036977	19.692	27.087	204.48	25.940	34.451	558.78	-0.18439	45.577	0.065331	supercritical
876.00	6.2500	26.999	0.037039	19.730	27.137	204.53	25.949	34.458	559.21	-0.18590	45.627	0.065414	supercritical
877.46	6.2500	26.954	0.037100	19.768	27.187	204.59	25.957	34.466	559.64	-0.18740	45.676	0.065497	supercritical
878.92	6.2500	26.909	0.037162	19.806	27.238	204.65	25.966	34.474	560.07	-0.18889	45.725	0.065580	supercritical
880.38	6.2500	26.865	0.037223	19.844	27.288	204.70	25.974	34.481	560.50	-0.19037	45.774	0.065663	supercritical
881.84	6.2500	26.821	0.037284	19.882	27.338	204.76	25.983	34.489	560.93	-0.19185	45.823	0.065746	supercritical
883.30	6.2500	26.777	0.037346	19.920	27.389	204.82	25.991	34.497	561.36	-0.19333	45.872	0.065829	supercritical
884.76	6.2500	26.733	0.037407	19.958	27.439	204.88	25.999	34.504	561.79	-0.19479	45.921	0.065912	supercritical
886.22	6.2500	26.689	0.037468	19.996	27.489	204.93	26.008	34.512	562.22	-0.19625	45.970	0.065995	supercritical
887.68	6.2500	26.646	0.037530	20.034	27.540	204.99	26.016	34.519	562.65	-0.19771	46.019	0.066078	supercritical
889.14	6.2500	26.602	0.037591	20.072	27.590	205.05	26.024	34.527	563.08	-0.19916	46.068	0.066161	supercritical
890.60	6.2500	26.559	0.037652	20.110	27.640	205.10	26.033	34.534	563.51	-0.20060	46.117	0.066244	supercritical
892.06	6.2500	26.515	0.037714	20.148	27.691	205.16	26.041	34.542	563.94	-0.20203	46.166	0.066326	supercritical
893.52	6.2500	26.472	0.037775	20.187	27.741	205.22	26.049	34.549	564.36	-0.20346	46.214	0.066409	supercritical
894.97	6.2500	26.430	0.037836	20.225	27.792	205.27	26.057	34.557	564.79	-0.20489	46.263	0.066492	supercritical
896.43	6.2500	26.387	0.037898	20.263	27.842	205.33	26.065	34.564	565.22	-0.20630	46.312	0.066574	supercritical
897.89	6.2500	26.344	0.037959	20.301	27.893	205.38	26.074	34.572	565.65	-0.20771	46.360	0.066657	supercritical
899.35	6.2500	26.302	0.038020	20.339	27.943	205.44	26.082	34.579	566.07	-0.20912	46.409	0.066740	supercritical
900.81	6.2500	26.259	0.038082	20.377	27.994	205.50	26.090	34.587	566.50	-0.21052	46.458	0.066822	supercritical
902.27	6.2500	26.217	0.038143	20.416	28.044	205.55	26.098	34.594	566.92	-0.21191	46.506	0.066905	supercritical
903.73	6.2500	26.175	0.038204	20.454	28.094	205.61	26.106	34.601	567.35	-0.21330	46.555	0.066987	supercritical
905.19	6.2500	26.133	0.038266	20.492	28.145	205.66	26.114	34.609	567.77	-0.21468	46.603	0.067070	supercritical
906.65	6.2500	26.091	0.038327	20.530	28.196	205.72	26.122	34.616	568.20	-0.21605	46.652	0.067152	supercritical
908.11	6.2500	26.050	0.038388	20.569	28.246	205.78	26.130	34.623	568.62	-0.21742	46.700	0.067235	supercritical
909.57	6.2500	26.008	0.038450	20.607	28.297	205.83	26.138	34.631	569.05	-0.21879	46.749	0.067317	supercritical
911.03	6.2500	25.967	0.038511	20.645	28.347	205.89	26.146	34.638	569.47	-0.22014	46.797	0.067399	supercritical
912.49	6.2500	25.925	0.038572	20.683	28.398	205.94	26.154	34.645	569.89	-0.22149	46.846	0.067482	supercritical
913.95	6.2500	25.884	0.038634	20.722	28.448	206.00	26.162	34.652	570.32	-0.22284	46.894	0.067564	supercritical
915.41	6.2500	25.843	0.038695	20.760	28.499	206.05	26.170	34.660	570.74	-0.22418	46.942	0.067646	supercritical
916.87	6.2500	25.802	0.038756	20.798	28.549	206.11	26.178	34.667	571.16	-0.22552	46.990	0.067728	supercritical
918.32	6.2500	25.762	0.038818	20.837	28.600	206.16	26.185	34.674	571.58	-0.22685	47.039	0.067811	supercritical
919.78	6.2500	25.721	0.038879	20.875	28.651	206.22	26.193	34.681	572.00	-0.22817	47.087	0.067893	supercritical
921.24	6.2500	25.680	0.038940	20.913	28.701	206.27	26.201	34.688	572.42	-0.22949	47.135	0.067975	supercritical
922.70	6.2500	25.640	0.039001	20.952	28.752	206.33	26.209	34.695	572.85	-0.23080	47.183	0.068057	supercritical
924.16	6.2500	25.600	0.039063	20.990	28.802	206.38	26.217	34.703	573.27	-0.23211	47.231	0.068139	supercritical
925.62	6.2500	25.560	0.039124	21.029	28.853	206.44	26.224	34.710	573.69	-0.23341	47.279	0.068221	supercritical
927.08	6.2500	25.520	0.039185	21.067	28.904	206.49	26.232	34.717	574.11	-0.23471	47.327	0.068303	supercritical
928.54	6.2500	25.480	0.039247	21.105	28.954	206.55	26.240	34.724	574.53	-0.23600	47.375	0.068385	supercritical
930.00	6.2500	25.440	0.039308	21.144	29.005	206.60	26.248	34.731	574.95	-0.23728	47.423	0.068467	supercritical