Temperature (K)	Pressure (MPa)	Density (mol/l)	Volume (l/mol)	Internal Energy (kJ/kg)	Enthalpy (kJ/kg)	Entropy (J/g*K)	Cv (J/g*K)	Cp (J/g*K)	Sound Spd. (m/s)	Joule-Thomson (K/MPa)	Viscosity (uPa*s)	Therm. Cond. (W/m*K)	Phase
54.361	20.265	41.481	0.024108	-196	-180.73	2.0461	1.1523	1.6039	1183.3	-0.39635	899.71	0.2088	liquid
57.604	20.265	41.084	0.02434	-190.91	-175.49	2.1396	1.1134	1.6244	1187.1	-0.38651	759.88	0.20487	liquid
60.846	20.265	40.676	0.024584	-185.77	-170.2	2.229	1.0912	1.6383	1177.5	-0.37993	648.02	0.20089	liquid
64.089	20.265	40.263	0.024837	-180.61	-164.88	2.3143	1.0747	1.6448	1161.2	-0.37579	558.48	0.1969	liquid
67.332	20.265	39.847	0.025096	-175.43	-159.54	2.3955	1.06	1.6462	1141.5	-0.37309	486.39	0.1929	liquid
70.575	20.265	39.431	0.025361	-170.27	-154.2	2.4729	1.0458	1.6444	1120.4	-0.3711	427.88	0.1889	liquid
73.817	20.265	39.014	0.025632	-165.11	-148.88	2.5467	1.0318	1.6411	1098.7	-0.36928	379.94	0.18491	liquid
77.06	20.265	38.596	0.025909	-159.97	-143.56	2.6172	1.0179	1.6373	1076.8	-0.36728	340.29	0.18092	liquid
80.303	20.265	38.178	0.026193	-154.85	-138.26	2.6846	1.0044	1.6337	1055	-0.3649	307.15	0.17693	liquid
83.546	20.265	37.758	0.026484	-149.74	-132.97	2.7492	0.99115	1.6306	1033.3	-0.36196	279.18	0.17294	liquid
86.788	20.265	37.337	0.026783	-144.64	-127.68	2.8112	0.97837	1.6283	1011.7	-0.35837	255.34	0.16895	liquid
90.031	20.265	36.913	0.027091	-139.56	-122.41	2.8709	0.96607	1.6269	990.27	-0.35406	234.82	0.16496	liquid
93.274	20.265	36.486	0.027407	-134.49	-117.13	2.9285	0.95425	1.6264	968.98	-0.34896	217	0.16097	liquid
96.517	20.265	36.057	0.027734	-129.42	-111.86	2.9841	0.94292	1.627	947.81	-0.34303	201.39	0.15698	liquid
99.759	20.265	35.624	0.028071	-124.36	-106.58	3.0379	0.93207	1.6284	926.76	-0.3362	187.58	0.15299	liquid
103	20.265	35.186	0.02842	-119.29	-101.29	3.09	0.92169	1.6309	905.79	-0.32843	175.28	0.14901	liquid
106.24	20.265	34.744	0.028782	-114.23	-96	3.1406	0.91176	1.6343	884.9	-0.31965	164.23	0.14503	liquid
109.49	20.265	34.297	0.029157	-109.16	-90.693	3.1898	0.90225	1.6387	864.09	-0.30981	154.23	0.14107	liquid
112.73	20.265	33.844	0.029547	-104.08	-85.371	3.2377	0.89315	1.6439	843.34	-0.29881	145.14	0.13711	liquid
115.97	20.265	33.385	0.029953	-99	-80.031	3.2844	0.88444	1.6502	822.64	-0.28657	136.8	0.13317	liquid
119.22	20.265	32.92	0.030377	-93.906	-74.668	3.33	0.87612	1.6574	802	-0.27299	129.13	0.12927	liquid
122.46	20.265	32.448	0.030819	-88.798	-69.281	3.3746	0.86816	1.6656	781.42	-0.25794	122.03	0.12539	liquid
125.7	20.265	31.968	0.031281	-83.675	-63.865	3.4182	0.86055	1.6748	760.89	-0.24131	115.44	0.12155	liquid
128.94	20.265	31.48	0.031766	-78.535	-58.418	3.461	0.85329	1.6851	740.42	-0.22294	109.29	0.11774	liquid
132.19	20.265	30.984	0.032275	-73.375	-52.935	3.503	0.84637	1.6965	720.03	-0.20266	103.54	0.11397	liquid
135.43	20.265	30.478	0.03281	-68.193	-47.414	3.5443	0.83978	1.709	699.72	-0.18029	98.143	0.11025	liquid
138.67	20.265	29.963	0.033375	-62.987	-41.85	3.5849	0.83352	1.7227	679.5	-0.15563	93.074	0.10659	liquid
141.91	20.265	29.437	0.033971	-57.754	-36.24	3.6249	0.8276	1.7377	659.4	-0.12844	88.303	0.10298	liquid
145.16	20.265	28.9	0.034602	-52.492	-30.579	3.6643	0.82199	1.754	639.44	-0.09848	83.806	0.099445	liquid
148.4	20.265	28.352	0.035271	-47.2	-24.863	3.7033	0.81672	1.7716	619.64	-0.065488	79.564	0.095979	liquid
151.64	20.265	27.791	0.035983	-41.876	-19.088	3.7418	0.81176	1.7905	600.05	-0.029179	75.561	0.092593	liquid
154.89	20.265	27.218	0.03674	-36.517	-13.249	3.7798	0.80712	1.8108	580.71	0.010738	71.783	0.089294	supercritical
158.13	20.265	26.632	0.037549	-31.123	-7.3428	3.8176	0.80279	1.8322	561.67	0.054557	68.219	0.086089	supercritical
161.37	20.265	26.033	0.038413	-25.692	-1.3652	3.855	0.79877	1.8547	542.99	0.10256	64.858	0.082983	supercritical
164.61	20.265	25.42	0.039339	-20.227	4.687	3.8921	0.79503	1.8781	524.74	0.155	61.692	0.079984	supercritical
167.86	20.265	24.794	0.040332	-14.727	10.816	3.929	0.79155	1.902	507	0.21208	58.713	0.077097	supercritical
171.1	20.265	24.156	0.041398	-9.195	17.023	3.9656	0.78831	1.926	489.86	0.27391	55.914	0.074326	supercritical
174.34	20.265	23.506	0.042543	-3.6367	23.306	4.002	0.78528	1.9493	473.42	0.34046	53.289	0.071675	supercritical
177.58	20.265	22.845	0.043772	1.9416	29.663	4.0381	0.78241	1.9711	457.78	0.41153	50.833	0.069147	supercritical
180.83	20.265	22.177	0.045091	7.5304	36.087	4.074	0.77967	1.9904	443.04	0.48669	48.54	0.066743	supercritical
184.07	20.265	21.504	0.046502	13.118	42.568	4.1095	0.777	2.0061	429.31	0.56525	46.407	0.064463	supercritical
187.31	20.265	20.83	0.048008	18.688	49.092	4.1446	0.77436	2.0171	416.66	0.64626	44.428	0.062305	supercritical
190.56	20.265	20.158	0.049608	24.226	55.643	4.1793	0.77169	2.0224	405.18	0.72862	42.599	0.060269	supercritical
193.8	20.265	19.493	0.0513	29.713	62.201	4.2134	0.76897	2.0213	394.9	0.81108	40.916	0.058352	supercritical
197.04	20.265	18.84	0.053079	35.13	68.745	4.2469	0.76614	2.0137	385.83	0.89238	39.373	0.056551	supercritical
200.28	20.265	18.203	0.054937	40.462	75.254	4.2797	0.76318	1.9994	377.92	0.97127	37.964	0.054864	supercritical
203.53	20.265	17.585	0.056867	45.692	81.706	4.3117	0.76009	1.979	371.14	1.0466	36.683	0.053287	supercritical
206.77	20.265	16.99	0.058858	50.808	88.083	4.3427	0.75686	1.9531	365.41	1.1173	35.523	0.051819	supercritical
210.01	20.265	16.421	0.060899	55.8	94.368	4.3729	0.75353	1.9225	360.65	1.1825	34.477	0.050456	supercritical
213.25	20.265	15.878	0.062981	60.661	100.55	4.4021	0.75014	1.8884	356.75	1.2416	33.537	0.049196	supercritical
216.5	20.265	15.363	0.065093	65.388	106.61	4.4303	0.74673	1.8518	353.63	1.2942	32.697	0.048036	supercritical
219.74	20.265	14.875	0.067225	69.981	112.56	4.4576	0.74334	1.8137	351.2	1.3402	31.947	0.046971	supercritical
222.98	20.265	14.415	0.06937	74.441	118.37	4.4839	0.74002	1.775	349.37	1.3797	31.28	0.045997	supercritical
226.23	20.265	13.982	0.07152	78.773	124.07	4.5092	0.73678	1.7366	348.05	1.4129	30.689	0.04511	supercritical
229.47	20.265	13.574	0.07367	82.982	129.64	4.5337	0.73366	1.699	347.19	1.4403	30.167	0.044304	supercritical
232.71	20.265	13.19	0.075814	87.074	135.09	4.5572	0.73068	1.6626	346.71	1.4622	29.707	0.043575	supercritical
235.95	20.265	12.829	0.077949	91.056	140.42	4.58	0.72783	1.6276	346.55	1.4791	29.303	0.042915	supercritical
239.2	20.265	12.489	0.080073	94.934	145.64	4.602	0.72513	1.5943	346.68	1.4915	28.95	0.042321	supercritical
242.44	20.265	12.168	0.082183	98.717	150.76	4.6232	0.72259	1.5628	347.04	1.4998	28.641	0.041787	supercritical
245.68	20.265	11.866	0.084277	102.41	155.78	4.6438	0.72019	1.533	347.61	1.5044	28.372	0.041309	supercritical
248.92	20.265	11.58	0.086355	106.02	160.71	4.6637	0.71794	1.505	348.34	1.5058	28.14	0.04088	supercritical
252.17	20.265	11.31	0.088416	109.55	165.54	4.683	0.71584	1.4787	349.23	1.5043	27.941	0.040498	supercritical
255.41	20.265	11.055	0.09046	113.01	170.3	4.7018	0.71387	1.454	350.24	1.5003	27.771	0.040158	supercritical
258.65	20.265	10.812	0.092486	116.4	174.98	4.72	0.71204	1.4308	351.36	1.494	27.627	0.039857	supercritical
261.9	20.265	10.583	0.094494	119.74	179.58	4.7377	0.71034	1.4091	352.56	1.4858	27.506	0.039591	supercritical
265.14	20.265	10.364	0.096485	123.01	184.12	4.7549	0.70876	1.3888	353.84	1.4759	27.407	0.039357	supercritical
268.38	20.265	10.157	0.098459	126.23	188.59	4.7716	0.70729	1.3697	355.19	1.4645	27.327	0.039153	supercritical
271.62	20.265	9.9586	0.10042	129.41	193	4.788	0.70594	1.3518	356.59	1.4518	27.265	0.038975	supercritical
274.87	20.265	9.7698	0.10236	132.53	197.36	4.8039	0.70469	1.335	358.04	1.438	27.218	0.038822	supercritical
278.11	20.265	9.5896	0.10428	135.62	201.66	4.8195	0.70354	1.3193	359.53	1.4233	27.185	0.038692	supercritical
281.35	20.265	9.4172	0.10619	138.66	205.91	4.8347	0.70249	1.3045	361.05	1.4077	27.166	0.038582	supercritical
284.59	20.265	9.2522	0.10808	141.67	210.12	4.8496	0.70152	1.2906	362.6	1.3915	27.158	0.038491	supercritical
287.84	20.265	9.0941	0.10996	144.65	214.29	4.8641	0.70064	1.2776	364.17	1.3746	27.16	0.038417	supercritical
291.08	20.265	8.9424	0.11183	147.59	218.41	4.8784	0.69984	1.2653	365.76	1.3573	27.173	0.038358	supercritical
294.32	20.265	8.7968	0.11368	150.5	222.49	4.8923	0.69912	1.2537	367.36	1.3396	27.194	0.038313	supercritical
297.57	20.265	8.6568	0.11552	153.38	226.54	4.906	0.69847	1.2428	368.98	1.3216	27.223	0.03828	supercritical
300.81	20.265	8.5222	0.11734	156.24	230.55	4.9194	0.69789	1.2325	370.6	1.3032	27.26	0.038258	supercritical
304.05	20.265	8.3925	0.11915	159.07	234.53	4.9326	0.69737	1.2228	372.23	1.2847	27.304	0.038242	supercritical
307.29	20.265	8.2675	0.12095	161.88	238.48	4.9455	0.69691	1.2136	373.87	1.2661	27.354	0.038226	supercritical
310.54	20.265	8.147	0.12274	164.67	242.41	4.9582	0.69652	1.205	375.51	1.2473	27.409	0.0382	supercritical
313.78	20.265	8.0306	0.12452	167.44	246.3	4.9707	0.69618	1.1968	377.15	1.2285	27.47	0.03825	supercritical
317.02	20.265	7.9182	0.12629	170.19	250.17	4.9829	0.6959	1.189	378.79	1.2096	27.536	0.038308	supercritical
320.26	20.265	7.8096	0.12805	172.92	254.01	4.995	0.69566	1.1817	380.43	1.1907	27.606	0.038373	supercritical
323.51	20.265	7.7044	0.1298	175.63	257.83	5.0068	0.69548	1.1747	382.06	1.1719	27.68	0.038444	supercritical
326.75	20.265	7.6026	0.13153	178.33	261.63	5.0185	0.69534	1.1681	383.7	1.153	27.758	0.038523	supercritical
329.99	20.265	7.504	0.13326	181.01	265.41	5.03	0.69525	1.1619	385.33	1.1343	27.839	0.038607	supercritical
333.24	20.265	7.4084	0.13498	183.68	269.17	5.0414	0.6952	1.1559	386.95	1.1157	27.924	0.038697	supercritical
336.48	20.265	7.3157	0.13669	186.34	272.9	5.0525	0.6952	1.1503	388.57	1.0971	28.011	0.038792	supercritical
339.72	20.265	7.2257	0.13839	188.98	276.63	5.0635	0.69523	1.145	390.19	1.0787	28.102	0.038892	supercritical
342.96	20.265	7.1383	0.14009	191.61	280.33	5.0744	0.6953	1.1399	391.8	1.0604	28.194	0.038996	supercritical
346.21	20.265	7.0534	0.14178	194.23	284.02	5.0851	0.69541	1.1351	393.4	1.0422	28.29	0.039105	supercritical
349.45	20.265	6.9709	0.14345	196.84	287.69	5.0957	0.69556	1.1305	395	1.0242	28.387	0.039218	supercritical
352.69	20.265	6.8906	0.14513	199.44	291.35	5.1061	0.69573	1.1261	396.59	1.0064	28.487	0.039335	supercritical
355.94	20.265	6.8125	0.14679	202.03	295	5.1164	0.69594	1.122	398.17	0.98871	28.588	0.039455	supercritical
359.18	20.265	6.7364	0.14845	204.62	298.63	5.1265	0.69619	1.1181	399.74	0.9712	28.691	0.039578	supercritical
362.42	20.265	6.6623	0.1501	207.19	302.25	5.1366	0.69646	1.1143	401.31	0.95386	28.795	0.039705	supercritical
365.66	20.265	6.5902	0.15174	209.76	305.86	5.1465	0.69676	1.1108	402.87	0.9367	28.902	0.039835	supercritical
368.91	20.265	6.5198	0.15338	212.32	309.45	5.1563	0.69709	1.1074	404.42	0.91972	29.009	0.039968	supercritical
372.15	20.265	6.4512	0.15501	214.87	313.04	5.1659	0.69744	1.1042	405.97	0.90293	29.118	0.040103	supercritical
375.39	20.265	6.3842	0.15664	217.41	316.61	5.1755	0.69782	1.1011	407.51	0.88633	29.228	0.04024	supercritical
378.63	20.265	6.3189	0.15826	219.95	320.18	5.185	0.69823	1.0982	409.03	0.86992	29.339	0.040381	supercritical
381.88	20.265	6.255	0.15987	222.49	323.74	5.1943	0.69866	1.0954	410.56	0.85369	29.451	0.040523	supercritical
385.12	20.265	6.1927	0.16148	225.02	327.28	5.2036	0.69911	1.0928	412.07	0.83766	29.564	0.040667	supercritical
388.36	20.265	6.1318	0.16308	227.54	330.82	5.2127	0.69959	1.0903	413.57	0.82182	29.678	0.040814	supercritical
391.61	20.265	6.0723	0.16468	230.06	334.35	5.2218	0.70009	1.0879	415.07	0.80617	29.793	0.040962	supercritical
394.85	20.265	6.0141	0.16628	232.58	337.88	5.2307	0.7006	1.0856	416.56	0.79071	29.908	0.041113	supercritical
398.09	20.265	5.9572	0.16786	235.09	341.4	5.2396	0.70114	1.0835	418.04	0.77545	30.025	0.041264	supercritical
401.33	20.265	5.9015	0.16945	237.59	344.91	5.2484	0.70169	1.0815	419.51	0.76037	30.141	0.041418	supercritical
404.58	20.265	5.847	0.17103	240.1	348.41	5.2571	0.70227	1.0795	420.98	0.74549	30.259	0.041573	supercritical
407.82	20.265	5.7936	0.1726	242.6	351.91	5.2657	0.70286	1.0777	422.44	0.73079	30.377	0.04173	supercritical
411.06	20.265	5.7414	0.17417	245.09	355.4	5.2742	0.70347	1.0759	423.89	0.71628	30.495	0.041887	supercritical
414.3	20.265	5.6902	0.17574	247.59	358.88	5.2827	0.70409	1.0743	425.33	0.70196	30.614	0.042047	supercritical
417.55	20.265	5.6401	0.1773	250.08	362.37	5.291	0.70473	1.0727	426.77	0.68782	30.734	0.042207	supercritical
420.79	20.265	5.5909	0.17886	252.57	365.84	5.2993	0.70538	1.0712	428.2	0.67387	30.853	0.042369	supercritical
424.03	20.265	5.5428	0.18042	255.06	369.31	5.3076	0.70605	1.0698	429.62	0.6601	30.974	0.042531	supercritical
427.28	20.265	5.4955	0.18197	257.54	372.78	5.3157	0.70673	1.0685	431.03	0.64651	31.094	0.042695	supercritical
430.52	20.265	5.4492	0.18351	260.02	376.24	5.3238	0.70743	1.0672	432.44	0.6331	31.215	0.04286	supercritical
433.76	20.265	5.4038	0.18506	262.5	379.7	5.3318	0.70813	1.066	433.84	0.61986	31.336	0.043026	supercritical
437	20.265	5.3592	0.1866	264.98	383.16	5.3397	0.70885	1.0649	435.23	0.6068	31.457	0.043193	supercritical
440.25	20.265	5.3154	0.18813	267.46	386.61	5.3476	0.70958	1.0638	436.61	0.59391	31.578	0.04336	supercritical
443.49	20.265	5.2725	0.18967	269.94	390.06	5.3554	0.71032	1.0628	437.99	0.58119	31.7	0.043529	supercritical
446.73	20.265	5.2303	0.19119	272.42	393.5	5.3631	0.71108	1.0619	439.36	0.56864	31.822	0.043698	supercritical
449.97	20.265	5.1888	0.19272	274.89	396.94	5.3708	0.71184	1.061	440.73	0.55626	31.944	0.043868	supercritical
453.22	20.265	5.1481	0.19424	277.37	400.38	5.3784	0.71261	1.0602	442.09	0.54404	32.066	0.044039	supercritical
456.46	20.265	5.1082	0.19577	279.84	403.82	5.386	0.71339	1.0594	443.44	0.53199	32.188	0.04421	supercritical
459.7	20.265	5.0689	0.19728	282.31	407.25	5.3935	0.71417	1.0587	444.79	0.5201	32.31	0.044382	supercritical
462.95	20.265	5.0303	0.1988	284.79	410.68	5.4009	0.71497	1.058	446.12	0.50836	32.433	0.044555	supercritical
466.19	20.265	4.9923	0.20031	287.26	414.11	5.4083	0.71577	1.0573	447.46	0.49678	32.555	0.044728	supercritical
469.43	20.265	4.955	0.20182	289.73	417.54	5.4156	0.71658	1.0568	448.78	0.48535	32.678	0.044902	supercritical
472.67	20.265	4.9183	0.20332	292.2	420.97	5.4229	0.7174	1.0562	450.11	0.47408	32.8	0.045076	supercritical
475.92	20.265	4.8822	0.20483	294.67	424.39	5.4301	0.71823	1.0557	451.42	0.46296	32.923	0.045251	supercritical
479.16	20.265	4.8467	0.20633	297.15	427.81	5.4373	0.71906	1.0552	452.73	0.45198	33.045	0.045426	supercritical
482.4	20.265	4.8117	0.20783	299.62	431.24	5.4444	0.71989	1.0548	454.03	0.44115	33.168	0.045602	supercritical
485.64	20.265	4.7773	0.20932	302.09	434.66	5.4515	0.72073	1.0544	455.33	0.43047	33.29	0.045778	supercritical
488.89	20.265	4.7435	0.21082	304.56	438.07	5.4585	0.72158	1.0541	456.62	0.41992	33.413	0.045954	supercritical
492.13	20.265	4.7102	0.21231	307.04	441.49	5.4654	0.72243	1.0538	457.91	0.40952	33.535	0.046131	supercritical
495.37	20.265	4.6774	0.2138	309.51	444.91	5.4724	0.72328	1.0535	459.19	0.39925	33.658	0.046309	supercritical
498.62	20.265	4.6451	0.21528	311.98	448.32	5.4792	0.72414	1.0532	460.46	0.38912	33.78	0.046486	supercritical
501.86	20.265	4.6133	0.21677	314.46	451.74	5.4861	0.72501	1.053	461.73	0.37912	33.903	0.046664	supercritical
505.1	20.265	4.5819	0.21825	316.94	455.15	5.4928	0.72587	1.0528	463	0.36926	34.025	0.046843	supercritical
508.34	20.265	4.5511	0.21973	319.41	458.57	5.4996	0.72674	1.0526	464.25	0.35952	34.147	0.047021	supercritical
511.59	20.265	4.5207	0.22121	321.89	461.98	5.5063	0.72761	1.0525	465.51	0.34992	34.269	0.0472	supercritical
514.83	20.265	4.4907	0.22268	324.37	465.39	5.5129	0.72849	1.0524	466.76	0.34043	34.392	0.047379	supercritical
518.07	20.265	4.4612	0.22416	326.85	468.81	5.5195	0.72936	1.0523	468	0.33107	34.514	0.047559	supercritical
521.31	20.265	4.4321	0.22563	329.33	472.22	5.5261	0.73024	1.0522	469.24	0.32184	34.635	0.047738	supercritical
524.56	20.265	4.4034	0.2271	331.81	475.63	5.5326	0.73112	1.0522	470.47	0.31272	34.757	0.047918	supercritical
527.8	20.265	4.3751	0.22857	334.29	479.04	5.5391	0.73201	1.0521	471.7	0.30373	34.879	0.048098	supercritical
531.04	20.265	4.3472	0.23003	336.77	482.45	5.5455	0.73289	1.0521	472.93	0.29484	35.001	0.048278	supercritical
534.29	20.265	4.3197	0.2315	339.26	485.86	5.552	0.73378	1.0522	474.15	0.28608	35.122	0.048459	supercritical
537.53	20.265	4.2926	0.23296	341.74	489.28	5.5583	0.73466	1.0522	475.36	0.27743	35.243	0.04864	supercritical
540.77	20.265	4.2659	0.23442	344.23	492.69	5.5646	0.73555	1.0523	476.57	0.26888	35.365	0.04882	supercritical
544.01	20.265	4.2395	0.23588	346.72	496.1	5.5709	0.73643	1.0523	477.78	0.26045	35.486	0.049001	supercritical
547.26	20.265	4.2134	0.23734	349.21	499.51	5.5772	0.73732	1.0524	478.98	0.25213	35.607	0.049182	supercritical
550.5	20.265	4.1877	0.23879	351.7	502.93	5.5834	0.73821	1.0525	480.18	0.24391	35.728	0.049364	supercritical
553.74	20.265	4.1624	0.24025	354.19	506.34	5.5896	0.7391	1.0527	481.37	0.2358	35.848	0.049545	supercritical
556.98	20.265	4.1374	0.2417	356.68	509.75	5.5957	0.73998	1.0528	482.56	0.22779	35.969	0.049726	supercritical
560.23	20.265	4.1127	0.24315	359.18	513.17	5.6019	0.74087	1.053	483.75	0.21988	36.089	0.049908	supercritical
563.47	20.265	4.0883	0.2446	361.68	516.58	5.6079	0.74176	1.0531	484.93	0.21207	36.21	0.05009	supercritical
566.71	20.265	4.0643	0.24605	364.17	520	5.614	0.74264	1.0533	486.1	0.20436	36.33	0.050272	supercritical
569.96	20.265	4.0405	0.24749	366.67	523.41	5.62	0.74353	1.0535	487.28	0.19674	36.45	0.050453	supercritical
573.2	20.265	4.017	0.24894	369.18	526.83	5.626	0.74441	1.0537	488.45	0.18923	36.57	0.050635	supercritical
576.44	20.265	3.9939	0.25038	371.68	530.25	5.6319	0.74529	1.0539	489.61	0.1818	36.689	0.050817	supercritical
579.68	20.265	3.971	0.25183	374.18	533.67	5.6378	0.74617	1.0542	490.77	0.17447	36.809	0.050999	supercritical
582.93	20.265	3.9484	0.25327	376.69	537.08	5.6437	0.74705	1.0544	491.93	0.16723	36.928	0.051182	supercritical
586.17	20.265	3.9261	0.25471	379.2	540.5	5.6495	0.74793	1.0547	493.08	0.16008	37.048	0.051364	supercritical
589.41	20.265	3.9041	0.25614	381.71	543.92	5.6554	0.74881	1.0549	494.23	0.15301	37.167	0.051546	supercritical
592.65	20.265	3.8823	0.25758	384.22	547.35	5.6612	0.74968	1.0552	495.38	0.14604	37.286	0.051728	supercritical
595.9	20.265	3.8608	0.25902	386.73	550.77	5.6669	0.75055	1.0555	496.52	0.13914	37.404	0.051911	supercritical
599.14	20.265	3.8395	0.26045	389.25	554.19	5.6726	0.75142	1.0558	497.66	0.13234	37.523	0.052093	supercritical
602.38	20.265	3.8185	0.26188	391.76	557.62	5.6783	0.75229	1.0561	498.79	0.12561	37.641	0.052275	supercritical
605.63	20.265	3.7977	0.26332	394.28	561.04	5.684	0.75316	1.0564	499.92	0.11897	37.76	0.052458	supercritical
608.87	20.265	3.7772	0.26475	396.8	564.47	5.6897	0.75402	1.0567	501.05	0.11241	37.878	0.05264	supercritical
612.11	20.265	3.7569	0.26618	399.32	567.89	5.6953	0.75489	1.0571	502.17	0.10592	37.996	0.052823	supercritical
615.35	20.265	3.7368	0.26761	401.85	571.32	5.7009	0.75574	1.0574	503.29	0.099517	38.114	0.053005	supercritical
618.6	20.265	3.717	0.26903	404.37	574.75	5.7064	0.7566	1.0577	504.41	0.093188	38.231	0.053187	supercritical
621.84	20.265	3.6974	0.27046	406.9	578.18	5.7119	0.75745	1.0581	505.53	0.086934	38.349	0.05337	supercritical
625.08	20.265	3.678	0.27188	409.43	581.61	5.7175	0.75831	1.0584	506.64	0.080755	38.466	0.053552	supercritical
628.32	20.265	3.6589	0.27331	411.96	585.05	5.7229	0.75915	1.0588	507.75	0.074648	38.583	0.053735	supercritical
631.57	20.265	3.6399	0.27473	414.49	588.48	5.7284	0.76	1.0592	508.85	0.068614	38.7	0.053917	supercritical
634.81	20.265	3.6212	0.27615	417.03	591.92	5.7338	0.76084	1.0595	509.95	0.06265	38.817	0.054099	supercritical
638.05	20.265	3.6026	0.27757	419.56	595.35	5.7392	0.76168	1.0599	511.05	0.056757	38.933	0.054282	supercritical
641.3	20.265	3.5843	0.27899	422.1	598.79	5.7446	0.76252	1.0603	512.15	0.050932	39.05	0.054464	supercritical
644.54	20.265	3.5662	0.28041	424.64	602.23	5.7499	0.76335	1.0607	513.24	0.045175	39.166	0.054646	supercritical
647.78	20.265	3.5482	0.28183	427.18	605.67	5.7553	0.76418	1.0611	514.33	0.039485	39.282	0.054829	supercritical
651.02	20.265	3.5305	0.28325	429.73	609.11	5.7606	0.76501	1.0615	515.41	0.03386	39.398	0.055011	supercritical
654.27	20.265	3.5129	0.28466	432.27	612.55	5.7658	0.76583	1.0619	516.5	0.0283	39.514	0.055193	supercritical
657.51	20.265	3.4955	0.28608	434.82	616	5.7711	0.76665	1.0623	517.58	0.022804	39.629	0.055375	supercritical
660.75	20.265	3.4783	0.28749	437.37	619.44	5.7763	0.76747	1.0627	518.65	0.017371	39.745	0.055557	supercritical
663.99	20.265	3.4613	0.28891	439.92	622.89	5.7815	0.76828	1.0631	519.73	0.011999	39.86	0.055739	supercritical
667.24	20.265	3.4445	0.29032	442.48	626.34	5.7867	0.76909	1.0635	520.8	0.0066888	39.975	0.055922	supercritical
670.48	20.265	3.4278	0.29173	445.03	629.79	5.7918	0.7699	1.0639	521.87	0.0014382	40.09	0.056104	supercritical
673.72	20.265	3.4113	0.29314	447.59	633.24	5.797	0.7707	1.0644	522.93	-0.0037533	40.205	0.056285	supercritical
676.97	20.265	3.395	0.29455	450.15	636.69	5.8021	0.7715	1.0648	524	-0.0088866	40.319	0.056467	supercritical
680.21	20.265	3.3788	0.29596	452.71	640.14	5.8072	0.77229	1.0652	525.06	-0.013962	40.434	0.056649	supercritical
683.45	20.265	3.3628	0.29737	455.27	643.6	5.8122	0.77309	1.0656	526.12	-0.018982	40.548	0.056831	supercritical
686.69	20.265	3.347	0.29878	457.84	647.05	5.8173	0.77387	1.0661	527.17	-0.023946	40.662	0.057013	supercritical
689.94	20.265	3.3313	0.30018	460.4	650.51	5.8223	0.77466	1.0665	528.22	-0.028855	40.776	0.057194	supercritical
693.18	20.265	3.3158	0.30159	462.97	653.97	5.8273	0.77544	1.0669	529.27	-0.033709	40.889	0.057376	supercritical
696.42	20.265	3.3004	0.30299	465.54	657.43	5.8323	0.77622	1.0674	530.32	-0.038511	41.003	0.057558	supercritical
699.66	20.265	3.2852	0.3044	468.12	660.89	5.8373	0.77699	1.0678	531.37	-0.04326	41.116	0.057739	supercritical
702.91	20.265	3.2701	0.3058	470.69	664.36	5.8422	0.77776	1.0682	532.41	-0.047958	41.229	0.05792	supercritical
706.15	20.265	3.2552	0.30721	473.27	667.82	5.8471	0.77853	1.0687	533.45	-0.052604	41.342	0.058102	supercritical
709.39	20.265	3.2404	0.30861	475.84	671.29	5.852	0.77929	1.0691	534.48	-0.0572	41.455	0.058283	supercritical
712.64	20.265	3.2257	0.31001	478.42	674.75	5.8569	0.78005	1.0696	535.52	-0.061747	41.568	0.058464	supercritical
715.88	20.265	3.2112	0.31141	481.01	678.22	5.8617	0.7808	1.07	536.55	-0.066245	41.68	0.058646	supercritical
719.12	20.265	3.1968	0.31281	483.59	681.69	5.8666	0.78155	1.0704	537.58	-0.070695	41.793	0.058827	supercritical
722.36	20.265	3.1826	0.31421	486.18	685.17	5.8714	0.7823	1.0709	538.61	-0.075098	41.905	0.059008	supercritical
725.61	20.265	3.1685	0.31561	488.76	688.64	5.8762	0.78304	1.0713	539.63	-0.079454	42.017	0.059188	supercritical
728.85	20.265	3.1545	0.31701	491.35	692.11	5.881	0.78378	1.0718	540.66	-0.083764	42.129	0.059369	supercritical
732.09	20.265	3.1407	0.3184	493.94	695.59	5.8857	0.78451	1.0722	541.68	-0.088029	42.24	0.05955	supercritical
735.33	20.265	3.127	0.3198	496.54	699.07	5.8905	0.78525	1.0727	542.69	-0.092249	42.352	0.059731	supercritical
738.58	20.265	3.1134	0.32119	499.13	702.55	5.8952	0.78597	1.0731	543.71	-0.096424	42.463	0.059911	supercritical
741.82	20.265	3.0999	0.32259	501.73	706.03	5.8999	0.7867	1.0736	544.72	-0.10056	42.574	0.060092	supercritical
745.06	20.265	3.0866	0.32399	504.33	709.51	5.9046	0.78742	1.074	545.73	-0.10465	42.685	0.060272	supercritical
748.31	20.265	3.0733	0.32538	506.93	712.99	5.9092	0.78813	1.0745	546.74	-0.10869	42.796	0.060453	supercritical
751.55	20.265	3.0602	0.32677	509.53	716.48	5.9139	0.78884	1.0749	547.75	-0.1127	42.907	0.060633	supercritical
754.79	20.265	3.0472	0.32817	512.14	719.96	5.9185	0.78955	1.0754	548.75	-0.11666	43.018	0.060813	supercritical
758.03	20.265	3.0344	0.32956	514.74	723.45	5.9231	0.79025	1.0758	549.76	-0.12059	43.128	0.060993	supercritical
761.28	20.265	3.0216	0.33095	517.35	726.94	5.9277	0.79095	1.0762	550.76	-0.12447	43.238	0.061173	supercritical
764.52	20.265	3.009	0.33234	519.96	730.43	5.9323	0.79165	1.0767	551.75	-0.12832	43.348	0.061353	supercritical
767.76	20.265	2.9964	0.33373	522.57	733.92	5.9369	0.79234	1.0771	552.75	-0.13212	43.458	0.061533	supercritical
771	20.265	2.984	0.33512	525.18	737.42	5.9414	0.79303	1.0776	553.74	-0.13589	43.568	0.061713	supercritical
774.25	20.265	2.9717	0.33651	527.8	740.91	5.9459	0.79372	1.078	554.74	-0.13962	43.677	0.061893	supercritical
777.49	20.265	2.9595	0.3379	530.42	744.41	5.9504	0.7944	1.0785	555.72	-0.14331	43.787	0.062072	supercritical
780.73	20.265	2.9473	0.33929	533.03	747.91	5.9549	0.79507	1.0789	556.71	-0.14697	43.896	0.062252	supercritical
783.98	20.265	2.9353	0.34068	535.65	751.41	5.9594	0.79575	1.0794	557.7	-0.15059	44.005	0.062431	supercritical
787.22	20.265	2.9234	0.34206	538.28	754.91	5.9638	0.79642	1.0798	558.68	-0.15417	44.114	0.062611	supercritical
790.46	20.265	2.9116	0.34345	540.9	758.41	5.9683	0.79708	1.0803	559.66	-0.15772	44.223	0.06279	supercritical
793.7	20.265	2.8999	0.34484	543.53	761.91	5.9727	0.79774	1.0807	560.64	-0.16124	44.332	0.062969	supercritical
796.95	20.265	2.8883	0.34622	546.15	765.42	5.9771	0.7984	1.0811	561.62	-0.16472	44.44	0.063148	supercritical
800.19	20.265	2.8768	0.34761	548.78	768.93	5.9815	0.79906	1.0816	562.59	-0.16816	44.548	0.063327	supercritical
803.43	20.265	2.8654	0.34899	551.41	772.43	5.9859	0.79971	1.082	563.57	-0.17158	44.657	0.063506	supercritical
806.67	20.265	2.8541	0.35038	554.05	775.94	5.9902	0.80035	1.0825	564.54	-0.17496	44.765	0.063685	supercritical
809.92	20.265	2.8428	0.35176	556.68	779.45	5.9946	0.801	1.0829	565.51	-0.1783	44.872	0.063864	supercritical
813.16	20.265	2.8317	0.35314	559.32	782.97	5.9989	0.80164	1.0833	566.48	-0.18162	44.98	0.064042	supercritical
816.4	20.265	2.8207	0.35453	561.96	786.48	6.0032	0.80227	1.0838	567.44	-0.1849	45.088	0.064221	supercritical
819.65	20.265	2.8097	0.35591	564.6	789.99	6.0075	0.8029	1.0842	568.41	-0.18815	45.195	0.064399	supercritical
822.89	20.265	2.7988	0.35729	567.24	793.51	6.0118	0.80353	1.0846	569.37	-0.19137	45.302	0.064577	supercritical
826.13	20.265	2.7881	0.35867	569.88	797.03	6.0161	0.80416	1.0851	570.33	-0.19457	45.41	0.064756	supercritical
829.37	20.265	2.7774	0.36005	572.52	800.55	6.0203	0.80478	1.0855	571.29	-0.19773	45.516	0.064934	supercritical
832.62	20.265	2.7667	0.36144	575.17	804.07	6.0246	0.80539	1.0859	572.24	-0.20086	45.623	0.065112	supercritical
835.86	20.265	2.7562	0.36282	577.82	807.59	6.0288	0.80601	1.0864	573.2	-0.20396	45.73	0.06529	supercritical
839.1	20.265	2.7458	0.3642	580.47	811.11	6.033	0.80662	1.0868	574.15	-0.20703	45.837	0.065468	supercritical
842.34	20.265	2.7354	0.36557	583.12	814.64	6.0372	0.80722	1.0872	575.1	-0.21008	45.943	0.065645	supercritical
845.59	20.265	2.7251	0.36695	585.77	818.17	6.0414	0.80783	1.0876	576.05	-0.2131	46.049	0.065823	supercritical
848.83	20.265	2.7149	0.36833	588.43	821.69	6.0455	0.80843	1.0881	577	-0.21608	46.155	0.066001	supercritical
852.07	20.265	2.7048	0.36971	591.08	825.22	6.0497	0.80902	1.0885	577.94	-0.21905	46.261	0.066178	supercritical
855.32	20.265	2.6948	0.37109	593.74	828.75	6.0538	0.80961	1.0889	578.89	-0.22198	46.367	0.066356	supercritical
858.56	20.265	2.6848	0.37247	596.4	832.28	6.0579	0.8102	1.0893	579.83	-0.22489	46.473	0.066533	supercritical
861.8	20.265	2.6749	0.37384	599.06	835.82	6.062	0.81079	1.0897	580.77	-0.22777	46.578	0.06671	supercritical
865.04	20.265	2.6651	0.37522	601.72	839.35	6.0661	0.81137	1.0902	581.71	-0.23062	46.684	0.066887	supercritical
868.29	20.265	2.6554	0.3766	604.39	842.89	6.0702	0.81195	1.0906	582.64	-0.23345	46.789	0.067064	supercritical
871.53	20.265	2.6457	0.37797	607.05	846.42	6.0743	0.81252	1.091	583.58	-0.23626	46.894	0.067241	supercritical
874.77	20.265	2.6361	0.37935	609.72	849.96	6.0783	0.81309	1.0914	584.51	-0.23904	46.999	0.067418	supercritical
878.01	20.265	2.6266	0.38072	612.39	853.5	6.0824	0.81366	1.0918	585.44	-0.24179	47.104	0.067595	supercritical
881.26	20.265	2.6171	0.3821	615.06	857.04	6.0864	0.81423	1.0922	586.37	-0.24452	47.208	0.067771	supercritical
884.5	20.265	2.6078	0.38347	617.73	860.59	6.0904	0.81479	1.0926	587.3	-0.24723	47.313	0.067948	supercritical
887.74	20.265	2.5985	0.38484	620.41	864.13	6.0944	0.81535	1.093	588.23	-0.24991	47.417	0.068124	supercritical
890.99	20.265	2.5892	0.38622	623.08	867.67	6.0984	0.8159	1.0934	589.16	-0.25257	47.522	0.068301	supercritical
894.23	20.265	2.58	0.38759	625.76	871.22	6.1024	0.81645	1.0938	590.08	-0.2552	47.626	0.068477	supercritical
897.47	20.265	2.5709	0.38896	628.44	874.77	6.1063	0.817	1.0943	591	-0.25782	47.73	0.068653	supercritical
900.71	20.265	2.5619	0.39034	631.12	878.32	6.1103	0.81755	1.0947	591.92	-0.2604	47.834	0.068829	supercritical
903.96	20.265	2.5529	0.39171	633.8	881.87	6.1142	0.81809	1.0951	592.84	-0.26297	47.937	0.069005	supercritical
907.2	20.265	2.544	0.39308	636.48	885.42	6.1181	0.81863	1.0954	593.76	-0.26552	48.041	0.069181	supercritical
910.44	20.265	2.5352	0.39445	639.16	888.97	6.122	0.81917	1.0958	594.67	-0.26804	48.145	0.069357	supercritical
913.68	20.265	2.5264	0.39582	641.85	892.53	6.1259	0.8197	1.0962	595.59	-0.27054	48.248	0.069532	supercritical
916.93	20.265	2.5177	0.3972	644.54	896.08	6.1298	0.82023	1.0966	596.5	-0.27302	48.351	0.069708	supercritical
920.17	20.265	2.509	0.39857	647.23	899.64	6.1337	0.82075	1.097	597.41	-0.27548	48.454	0.069883	supercritical
923.41	20.265	2.5004	0.39994	649.92	903.2	6.1376	0.82128	1.0974	598.32	-0.27792	48.557	0.070059	supercritical
926.66	20.265	2.4919	0.40131	652.61	906.76	6.1414	0.8218	1.0978	599.23	-0.28033	48.66	0.070234	supercritical
929.9	20.265	2.4834	0.40268	655.3	910.32	6.1452	0.82232	1.0982	600.14	-0.28273	48.763	0.070409	supercritical
933.14	20.265	2.475	0.40405	657.99	913.88	6.1491	0.82283	1.0986	601.04	-0.28511	48.865	0.070584	supercritical
936.38	20.265	2.4666	0.40541	660.69	917.44	6.1529	0.82334	1.099	601.94	-0.28747	48.968	0.070759	supercritical
939.63	20.265	2.4583	0.40678	663.39	921.01	6.1567	0.82385	1.0994	602.85	-0.2898	49.07	0.070934	supercritical
942.87	20.265	2.4501	0.40815	666.09	924.57	6.1605	0.82436	1.0997	603.75	-0.29212	49.172	0.071109	supercritical
946.11	20.265	2.4419	0.40952	668.79	928.14	6.1642	0.82486	1.1001	604.64	-0.29442	49.274	0.071284	supercritical
949.35	20.265	2.4338	0.41089	671.49	931.71	6.168	0.82536	1.1005	605.54	-0.2967	49.376	0.071459	supercritical
952.6	20.265	2.4257	0.41226	674.19	935.28	6.1718	0.82585	1.1009	606.44	-0.29896	49.478	0.071633	supercritical
955.84	20.265	2.4177	0.41362	676.9	938.85	6.1755	0.82635	1.1012	607.33	-0.3012	49.58	0.071808	supercritical
959.08	20.265	2.4097	0.41499	679.6	942.42	6.1792	0.82684	1.1016	608.23	-0.30342	49.681	0.071982	supercritical
962.33	20.265	2.4018	0.41636	682.31	945.99	6.1829	0.82733	1.102	609.12	-0.30563	49.783	0.072156	supercritical
965.57	20.265	2.3939	0.41772	685.02	949.56	6.1867	0.82781	1.1024	610.01	-0.30782	49.884	0.07233	supercritical
968.81	20.265	2.3861	0.41909	687.73	953.14	6.1903	0.8283	1.1027	610.9	-0.30999	49.985	0.072504	supercritical
972.05	20.265	2.3784	0.42046	690.44	956.72	6.194	0.82878	1.1031	611.78	-0.31214	50.086	0.072678	supercritical
975.3	20.265	2.3707	0.42182	693.15	960.29	6.1977	0.82925	1.1035	612.67	-0.31428	50.187	0.072852	supercritical
978.54	20.265	2.363	0.42319	695.87	963.87	6.2014	0.82973	1.1038	613.55	-0.31639	50.288	0.073026	supercritical
981.78	20.265	2.3554	0.42455	698.58	967.45	6.205	0.8302	1.1042	614.44	-0.3185	50.389	0.0732	supercritical
985.02	20.265	2.3479	0.42592	701.3	971.03	6.2087	0.83067	1.1046	615.32	-0.32058	50.489	0.073373	supercritical
988.27	20.265	2.3404	0.42728	704.02	974.62	6.2123	0.83114	1.1049	616.2	-0.32265	50.59	0.073547	supercritical
991.51	20.265	2.3329	0.42865	706.74	978.2	6.2159	0.8316	1.1053	617.08	-0.3247	50.69	0.07372	supercritical
994.75	20.265	2.3255	0.43001	709.46	981.78	6.2195	0.83206	1.1056	617.96	-0.32673	50.79	0.073894	supercritical
998	20.265	2.3182	0.43137	712.18	985.37	6.2231	0.83252	1.106	618.83	-0.32875	50.89	0.074067	supercritical
1001.2	20.265	2.3109	0.43274	714.9	988.96	6.2267	0.83298	1.1063	619.71	-0.33076	50.99	0.07424	supercritical
1004.5	20.265	2.3036	0.4341	717.63	992.55	6.2303	0.83343	1.1067	620.58	-0.33274	51.09	0.074413	supercritical
1007.7	20.265	2.2964	0.43546	720.35	996.13	6.2339	0.83388	1.1071	621.45	-0.33472	51.19	0.074586	supercritical
1011	20.265	2.2892	0.43683	723.08	999.73	6.2374	0.83433	1.1074	622.32	-0.33667	51.29	0.074759	supercritical
1014.2	20.265	2.2821	0.43819	725.81	1003.3	6.241	0.83478	1.1078	623.19	-0.33861	51.389	0.074932	supercritical
1017.5	20.265	2.275	0.43955	728.54	1006.9	6.2445	0.83522	1.1081	624.06	-0.34054	51.489	0.075105	supercritical
1020.7	20.265	2.268	0.44092	731.27	1010.5	6.248	0.83566	1.1084	624.93	-0.34245	51.588	0.075277	supercritical
1023.9	20.265	2.261	0.44228	734	1014.1	6.2515	0.8361	1.1088	625.8	-0.34435	51.687	0.07545	supercritical
1027.2	20.265	2.2541	0.44364	736.74	1017.7	6.2551	0.83654	1.1091	626.66	-0.34623	51.786	0.075622	supercritical
1030.4	20.265	2.2472	0.445	739.47	1021.3	6.2585	0.83698	1.1095	627.52	-0.3481	51.885	0.075795	supercritical
1033.7	20.265	2.2403	0.44636	742.21	1024.9	6.262	0.83741	1.1098	628.38	-0.34995	51.984	0.075967	supercritical
1036.9	20.265	2.2335	0.44772	744.94	1028.5	6.2655	0.83784	1.1102	629.25	-0.35179	52.083	0.076139	supercritical
1040.2	20.265	2.2268	0.44908	747.68	1032.1	6.269	0.83826	1.1105	630.1	-0.35362	52.182	0.076311	supercritical
1043.4	20.265	2.22	0.45045	750.42	1035.7	6.2724	0.83869	1.1108	630.96	-0.35543	52.28	0.076483	supercritical
1046.6	20.265	2.2133	0.45181	753.16	1039.3	6.2759	0.83911	1.1112	631.82	-0.35723	52.379	0.076655	supercritical
1049.9	20.265	2.2067	0.45317	755.91	1042.9	6.2793	0.83953	1.1115	632.67	-0.35902	52.477	0.076827	supercritical
1053.1	20.265	2.2001	0.45453	758.65	1046.5	6.2827	0.83995	1.1118	633.53	-0.36079	52.575	0.076999	supercritical
1056.4	20.265	2.1935	0.45589	761.39	1050.1	6.2862	0.84037	1.1122	634.38	-0.36255	52.673	0.07717	supercritical
1059.6	20.265	2.187	0.45725	764.14	1053.7	6.2896	0.84078	1.1125	635.23	-0.36429	52.771	0.077342	supercritical
1062.9	20.265	2.1805	0.45861	766.89	1057.3	6.293	0.8412	1.1128	636.08	-0.36602	52.869	0.077513	supercritical
1066.1	20.265	2.1741	0.45996	769.63	1060.9	6.2964	0.84161	1.1132	636.93	-0.36774	52.967	0.077685	supercritical
1069.3	20.265	2.1677	0.46132	772.38	1064.5	6.2997	0.84201	1.1135	637.78	-0.36945	53.065	0.077856	supercritical
1072.6	20.265	2.1613	0.46268	775.13	1068.2	6.3031	0.84242	1.1138	638.63	-0.37114	53.162	0.078027	supercritical
1075.8	20.265	2.155	0.46404	777.89	1071.8	6.3065	0.84282	1.1141	639.47	-0.37283	53.26	0.078199	supercritical
1079.1	20.265	2.1487	0.4654	780.64	1075.4	6.3098	0.84323	1.1145	640.32	-0.3745	53.357	0.07837	supercritical
1082.3	20.265	2.1424	0.46676	783.39	1079	6.3132	0.84362	1.1148	641.16	-0.37615	53.455	0.078541	supercritical
1085.5	20.265	2.1362	0.46812	786.15	1082.6	6.3165	0.84402	1.1151	642	-0.3778	53.552	0.078711	supercritical
1088.8	20.265	2.13	0.46947	788.91	1086.2	6.3198	0.84442	1.1154	642.84	-0.37943	53.649	0.078882	supercritical
1092	20.265	2.1239	0.47083	791.66	1089.8	6.3232	0.84481	1.1157	643.68	-0.38105	53.746	0.079053	supercritical
1095.3	20.265	2.1178	0.47219	794.42	1093.5	6.3265	0.8452	1.116	644.52	-0.38266	53.843	0.079224	supercritical
1098.5	20.265	2.1117	0.47355	797.18	1097.1	6.3298	0.84559	1.1164	645.36	-0.38426	53.939	0.079394	supercritical
1101.8	20.265	2.1057	0.4749	799.94	1100.7	6.3331	0.84598	1.1167	646.19	-0.38585	54.036	0.079565	supercritical
1105	20.265	2.0997	0.47626	802.7	1104.3	6.3363	0.84637	1.117	647.03	-0.38742	54.133	0.079735	supercritical
1108.2	20.265	2.0937	0.47762	805.47	1107.9	6.3396	0.84675	1.1173	647.86	-0.38899	54.229	0.079905	supercritical
1111.5	20.265	2.0878	0.47898	808.23	1111.6	6.3429	0.84713	1.1176	648.69	-0.39054	54.326	0.080076	supercritical
1114.7	20.265	2.0819	0.48033	811	1115.2	6.3461	0.84751	1.1179	649.53	-0.39208	54.422	0.080246	supercritical
1118	20.265	2.076	0.48169	813.76	1118.8	6.3494	0.84789	1.1182	650.36	-0.39361	54.518	0.080416	supercritical
1121.2	20.265	2.0702	0.48304	816.53	1122.4	6.3526	0.84827	1.1185	651.18	-0.39513	54.614	0.080586	supercritical
1124.5	20.265	2.0644	0.4844	819.3	1126.1	6.3559	0.84865	1.1188	652.01	-0.39664	54.71	0.080756	supercritical
1127.7	20.265	2.0586	0.48576	822.07	1129.7	6.3591	0.84902	1.1191	652.84	-0.39814	54.806	0.080925	supercritical
1130.9	20.265	2.0529	0.48711	824.84	1133.3	6.3623	0.84939	1.1195	653.67	-0.39963	54.902	0.081095	supercritical
1134.2	20.265	2.0472	0.48847	827.61	1137	6.3655	0.84976	1.1198	654.49	-0.40111	54.997	0.081265	supercritical
1137.4	20.265	2.0416	0.48982	830.39	1140.6	6.3687	0.85013	1.1201	655.31	-0.40257	55.093	0.081434	supercritical
1140.7	20.265	2.0359	0.49118	833.16	1144.2	6.3719	0.85049	1.1204	656.14	-0.40403	55.189	0.081604	supercritical
1143.9	20.265	2.0303	0.49253	835.94	1147.9	6.3751	0.85086	1.1207	656.96	-0.40548	55.284	0.081773	supercritical
1147.2	20.265	2.0247	0.49389	838.71	1151.5	6.3782	0.85122	1.121	657.78	-0.40692	55.379	0.081943	supercritical
1150.4	20.265	2.0192	0.49524	841.49	1155.1	6.3814	0.85158	1.1213	658.6	-0.40834	55.474	0.082112	supercritical
1153.6	20.265	2.0137	0.4966	844.27	1158.8	6.3846	0.85194	1.1215	659.41	-0.40976	55.57	0.082281	supercritical
1156.9	20.265	2.0082	0.49795	847.05	1162.4	6.3877	0.8523	1.1218	660.23	-0.41117	55.665	0.08245	supercritical
1160.1	20.265	2.0028	0.49931	849.83	1166	6.3908	0.85266	1.1221	661.05	-0.41257	55.76	0.082619	supercritical
1163.4	20.265	1.9974	0.50066	852.61	1169.7	6.394	0.85301	1.1224	661.86	-0.41395	55.854	0.082788	supercritical
1166.6	20.265	1.992	0.50201	855.39	1173.3	6.3971	0.85337	1.1227	662.67	-0.41533	55.949	0.082957	supercritical
1169.9	20.265	1.9866	0.50337	858.18	1177	6.4002	0.85372	1.123	663.49	-0.4167	56.044	0.083126	supercritical
1173.1	20.265	1.9813	0.50472	860.96	1180.6	6.4033	0.85407	1.1233	664.3	-0.41806	56.138	0.083294	supercritical
1176.3	20.265	1.976	0.50608	863.75	1184.2	6.4064	0.85442	1.1236	665.11	-0.41941	56.233	0.083463	supercritical
1179.6	20.265	1.9707	0.50743	866.54	1187.9	6.4095	0.85477	1.1239	665.92	-0.42076	56.327	0.083632	supercritical
1182.8	20.265	1.9655	0.50878	869.32	1191.5	6.4126	0.85511	1.1242	666.72	-0.42209	56.422	0.0838	supercritical
1186.1	20.265	1.9603	0.51014	872.11	1195.2	6.4157	0.85546	1.1245	667.53	-0.42341	56.516	0.083968	supercritical
1189.3	20.265	1.9551	0.51149	874.9	1198.8	6.4188	0.8558	1.1247	668.34	-0.42473	56.61	0.084137	supercritical
1192.6	20.265	1.9499	0.51284	877.69	1202.5	6.4218	0.85614	1.125	669.14	-0.42603	56.704	0.084305	supercritical
1195.8	20.265	1.9448	0.51419	880.48	1206.1	6.4249	0.85648	1.1253	669.95	-0.42733	56.798	0.084473	supercritical
1199	20.265	1.9397	0.51555	883.28	1209.8	6.4279	0.85682	1.1256	670.75	-0.42862	56.892	0.084641	supercritical
1202.3	20.265	1.9346	0.5169	886.07	1213.4	6.431	0.85716	1.1259	671.55	-0.4299	56.986	0.084809	supercritical
1205.5	20.265	1.9296	0.51825	888.87	1217.1	6.434	0.85749	1.1262	672.35	-0.43117	57.079	0.084977	supercritical
1208.8	20.265	1.9245	0.5196	891.66	1220.7	6.437	0.85783	1.1264	673.15	-0.43243	57.173	0.085145	supercritical
1212	20.265	1.9195	0.52096	894.46	1224.4	6.44	0.85816	1.1267	673.95	-0.43369	57.267	0.085313	supercritical
1215.3	20.265	1.9146	0.52231	897.26	1228	6.4431	0.85849	1.127	674.75	-0.43494	57.36	0.085481	supercritical
1218.5	20.265	1.9096	0.52366	900.06	1231.7	6.4461	0.85883	1.1273	675.54	-0.43617	57.453	0.085648	supercritical
1221.7	20.265	1.9047	0.52501	902.86	1235.3	6.4491	0.85915	1.1275	676.34	-0.4374	57.547	0.085816	supercritical
1225	20.265	1.8998	0.52636	905.66	1239	6.452	0.85948	1.1278	677.13	-0.43863	57.64	0.085983	supercritical
1228.2	20.265	1.895	0.52771	908.46	1242.7	6.455	0.85981	1.1281	677.93	-0.43984	57.733	0.086151	supercritical
1231.5	20.265	1.8901	0.52907	911.26	1246.3	6.458	0.86014	1.1284	678.72	-0.44105	57.826	0.086318	supercritical
1234.7	20.265	1.8853	0.53042	914.07	1250	6.461	0.86046	1.1286	679.51	-0.44224	57.919	0.086485	supercritical
1238	20.265	1.8805	0.53177	916.87	1253.6	6.4639	0.86078	1.1289	680.3	-0.44343	58.012	0.086653	supercritical
1241.2	20.265	1.8758	0.53312	919.68	1257.3	6.4669	0.8611	1.1292	681.09	-0.44462	58.105	0.08682	supercritical
1244.4	20.265	1.871	0.53447	922.48	1261	6.4698	0.86143	1.1295	681.88	-0.44579	58.197	0.086987	supercritical
1247.7	20.265	1.8663	0.53582	925.29	1264.6	6.4728	0.86175	1.1297	682.67	-0.44696	58.29	0.087154	supercritical
1250.9	20.265	1.8616	0.53717	928.1	1268.3	6.4757	0.86206	1.13	683.45	-0.44812	58.383	0.087321	supercritical
1254.2	20.265	1.8569	0.53852	930.91	1272	6.4786	0.86238	1.1303	684.24	-0.44927	58.475	0.087487	supercritical
1257.4	20.265	1.8523	0.53987	933.72	1275.6	6.4815	0.8627	1.1305	685.02	-0.45042	58.567	0.087654	supercritical
1260.7	20.265	1.8477	0.54122	936.53	1279.3	6.4845	0.86301	1.1308	685.81	-0.45155	58.66	0.087821	supercritical
1263.9	20.265	1.8431	0.54257	939.34	1283	6.4874	0.86333	1.1311	686.59	-0.45268	58.752	0.087988	supercritical
1267.1	20.265	1.8385	0.54392	942.16	1286.6	6.4903	0.86364	1.1313	687.37	-0.45381	58.844	0.088154	supercritical
1270.4	20.265	1.8339	0.54527	944.97	1290.3	6.4932	0.86395	1.1316	688.15	-0.45492	58.936	0.088321	supercritical
1273.6	20.265	1.8294	0.54662	947.79	1294	6.496	0.86426	1.1319	688.93	-0.45603	59.028	0.088487	supercritical
1276.9	20.265	1.8249	0.54797	950.6	1297.6	6.4989	0.86457	1.1321	689.71	-0.45713	59.12	0.088653	supercritical
1280.1	20.265	1.8204	0.54932	953.42	1301.3	6.5018	0.86488	1.1324	690.49	-0.45823	59.212	0.08882	supercritical
1283.4	20.265	1.816	0.55067	956.24	1305	6.5047	0.86519	1.1327	691.26	-0.45932	59.304	0.088986	supercritical
1286.6	20.265	1.8115	0.55202	959.05	1308.7	6.5075	0.86549	1.1329	692.04	-0.4604	59.395	0.089152	supercritical
1289.8	20.265	1.8071	0.55337	961.87	1312.3	6.5104	0.8658	1.1332	692.81	-0.46147	59.487	0.089318	supercritical
1293.1	20.265	1.8027	0.55472	964.7	1316	6.5132	0.8661	1.1334	693.59	-0.46254	59.578	0.089484	supercritical
1296.3	20.265	1.7983	0.55607	967.52	1319.7	6.516	0.86641	1.1337	694.36	-0.4636	59.67	0.08965	supercritical
1299.6	20.265	1.794	0.55742	970.34	1323.4	6.5189	0.86671	1.134	695.13	-0.46465	59.761	0.089816	supercritical
1302.8	20.265	1.7897	0.55876	973.16	1327	6.5217	0.86701	1.1342	695.9	-0.4657	59.853	0.089982	supercritical
1306.1	20.265	1.7854	0.56011	975.99	1330.7	6.5245	0.86731	1.1345	696.67	-0.46674	59.944	0.090147	supercritical
1309.3	20.265	1.7811	0.56146	978.81	1334.4	6.5273	0.86761	1.1347	697.44	-0.46777	60.035	0.090313	supercritical
1312.5	20.265	1.7768	0.56281	981.64	1338.1	6.5301	0.86791	1.135	698.21	-0.4688	60.126	0.090479	supercritical
1315.8	20.265	1.7726	0.56416	984.47	1341.7	6.5329	0.86821	1.1353	698.98	-0.46982	60.217	0.090644	supercritical
1319	20.265	1.7683	0.56551	987.29	1345.4	6.5357	0.8685	1.1355	699.75	-0.47084	60.308	0.09081	supercritical
1322.3	20.265	1.7641	0.56685	990.12	1349.1	6.5385	0.8688	1.1358	700.51	-0.47185	60.399	0.090975	supercritical
1325.5	20.265	1.7599	0.5682	992.95	1352.8	6.5413	0.86909	1.136	701.28	-0.47285	60.49	0.09114	supercritical
1328.8	20.265	1.7558	0.56955	995.78	1356.5	6.5441	0.86939	1.1363	702.04	-0.47385	60.58	0.091306	supercritical
1332	20.265	1.7516	0.5709	998.61	1360.2	6.5469	0.86968	1.1365	702.8	-0.47484	60.671	0.091471	supercritical
1335.2	20.265	1.7475	0.57225	1001.4	1363.9	6.5496	0.86997	1.1368	703.56	-0.47582	60.761	0.091636	supercritical
1338.5	20.265	1.7434	0.57359	1004.3	1367.5	6.5524	0.87026	1.137	704.32	-0.4768	60.852	0.091801	supercritical
1341.7	20.265	1.7393	0.57494	1007.1	1371.2	6.5551	0.87056	1.1373	705.08	-0.47777	60.942	0.091966	supercritical
1345	20.265	1.7352	0.57629	1009.9	1374.9	6.5579	0.87084	1.1375	705.84	-0.47874	61.033	0.092131	supercritical
1348.2	20.265	1.7312	0.57764	1012.8	1378.6	6.5606	0.87113	1.1378	706.6	-0.4797	61.123	0.092296	supercritical
1351.5	20.265	1.7272	0.57898	1015.6	1382.3	6.5634	0.87142	1.138	707.36	-0.48065	61.213	0.092461	supercritical
1354.7	20.265	1.7232	0.58033	1018.5	1386	6.5661	0.87171	1.1383	708.12	-0.4816	61.303	0.092625	supercritical
1357.9	20.265	1.7192	0.58168	1021.3	1389.7	6.5688	0.872	1.1385	708.87	-0.48254	61.393	0.09279	supercritical
1361.2	20.265	1.7152	0.58302	1024.1	1393.4	6.5715	0.87228	1.1388	709.63	-0.48348	61.483	0.092955	supercritical
1364.4	20.265	1.7112	0.58437	1027	1397.1	6.5742	0.87257	1.139	710.38	-0.48441	61.573	0.093119	supercritical
1367.7	20.265	1.7073	0.58572	1029.8	1400.8	6.5769	0.87285	1.1393	711.13	-0.48533	61.663	0.093284	supercritical
1370.9	20.265	1.7034	0.58706	1032.7	1404.5	6.5796	0.87313	1.1395	711.89	-0.48625	61.753	0.093448	supercritical
1374.2	20.265	1.6995	0.58841	1035.5	1408.1	6.5823	0.87342	1.1398	712.64	-0.48717	61.843	0.093613	supercritical
1377.4	20.265	1.6956	0.58976	1038.3	1411.8	6.585	0.8737	1.14	713.39	-0.48808	61.932	0.093777	supercritical
1380.6	20.265	1.6917	0.5911	1041.2	1415.5	6.5877	0.87398	1.1403	714.14	-0.48898	62.022	0.093941	supercritical
1383.9	20.265	1.6879	0.59245	1044	1419.2	6.5904	0.87426	1.1405	714.88	-0.48988	62.112	0.094105	supercritical
1387.1	20.265	1.6841	0.5938	1046.9	1422.9	6.593	0.87454	1.1408	715.63	-0.49077	62.201	0.094269	supercritical
1390.4	20.265	1.6803	0.59514	1049.7	1426.6	6.5957	0.87482	1.141	716.38	-0.49166	62.29	0.094434	supercritical
1393.6	20.265	1.6765	0.59649	1052.6	1430.3	6.5984	0.8751	1.1413	717.13	-0.49254	62.38	0.094598	supercritical
1396.9	20.265	1.6727	0.59784	1055.4	1434	6.601	0.87538	1.1415	717.87	-0.49342	62.469	0.094761	supercritical
1400.1	20.265	1.6689	0.59918	1058.3	1437.7	6.6037	0.87565	1.1417	718.61	-0.49429	62.558	0.094925	supercritical
1403.3	20.265	1.6652	0.60053	1061.1	1441.4	6.6063	0.87593	1.142	719.36	-0.49515	62.647	0.095089	supercritical
1406.6	20.265	1.6615	0.60187	1064	1445.1	6.6089	0.87621	1.1422	720.1	-0.49601	62.736	0.095253	supercritical
1409.8	20.265	1.6578	0.60322	1066.8	1448.9	6.6116	0.87648	1.1425	720.84	-0.49687	62.825	0.095417	supercritical
1413.1	20.265	1.6541	0.60456	1069.7	1452.6	6.6142	0.87676	1.1427	721.58	-0.49772	62.914	0.09558	supercritical
1416.3	20.265	1.6504	0.60591	1072.5	1456.3	6.6168	0.87703	1.143	722.32	-0.49857	63.003	0.095744	supercritical
1419.6	20.265	1.6468	0.60726	1075.4	1460	6.6194	0.8773	1.1432	723.06	-0.49941	63.092	0.095907	supercritical
1422.8	20.265	1.6431	0.6086	1078.2	1463.7	6.622	0.87758	1.1434	723.8	-0.50024	63.181	0.096071	supercritical
1426	20.265	1.6395	0.60995	1081.1	1467.4	6.6246	0.87785	1.1437	724.54	-0.50107	63.27	0.096234	supercritical
1429.3	20.265	1.6359	0.61129	1084	1471.1	6.6272	0.87812	1.1439	725.27	-0.5019	63.358	0.096398	supercritical
1432.5	20.265	1.6323	0.61264	1086.8	1474.8	6.6298	0.87839	1.1442	726.01	-0.50272	63.447	0.096561	supercritical
1435.8	20.265	1.6287	0.61398	1089.7	1478.5	6.6324	0.87866	1.1444	726.75	-0.50353	63.535	0.096724	supercritical
1439	20.265	1.6252	0.61533	1092.5	1482.2	6.635	0.87893	1.1446	727.48	-0.50435	63.624	0.096887	supercritical
1442.3	20.265	1.6216	0.61667	1095.4	1485.9	6.6376	0.8792	1.1449	728.21	-0.50515	63.712	0.09705	supercritical
1445.5	20.265	1.6181	0.61802	1098.3	1489.6	6.6401	0.87947	1.1451	728.95	-0.50595	63.8	0.097213	supercritical
1448.7	20.265	1.6146	0.61936	1101.1	1493.4	6.6427	0.87974	1.1453	729.68	-0.50675	63.889	0.097376	supercritical
1452	20.265	1.6111	0.62071	1104	1497.1	6.6453	0.88001	1.1456	730.41	-0.50754	63.977	0.097539	supercritical
1455.2	20.265	1.6076	0.62205	1106.8	1500.8	6.6478	0.88027	1.1458	731.14	-0.50833	64.065	0.097702	supercritical
1458.5	20.265	1.6041	0.6234	1109.7	1504.5	6.6504	0.88054	1.1461	731.87	-0.50911	64.153	0.097865	supercritical
1461.7	20.265	1.6007	0.62474	1112.6	1508.2	6.6529	0.88081	1.1463	732.6	-0.50989	64.241	0.098028	supercritical
1464.9	20.265	1.5972	0.62608	1115.4	1511.9	6.6555	0.88107	1.1465	733.32	-0.51067	64.329	0.098191	supercritical
1468.2	20.265	1.5938	0.62743	1118.3	1515.7	6.658	0.88134	1.1468	734.05	-0.51143	64.417	0.098353	supercritical
1471.4	20.265	1.5904	0.62877	1121.2	1519.4	6.6605	0.8816	1.147	734.78	-0.5122	64.505	0.098516	supercritical
1474.7	20.265	1.587	0.63012	1124	1523.1	6.6631	0.88186	1.1472	735.5	-0.51296	64.592	0.098678	supercritical
1477.9	20.265	1.5836	0.63146	1126.9	1526.8	6.6656	0.88213	1.1475	736.23	-0.51372	64.68	0.098841	supercritical
1481.2	20.265	1.5803	0.63281	1129.8	1530.5	6.6681	0.88239	1.1477	736.95	-0.51447	64.768	0.099003	supercritical
1484.4	20.265	1.5769	0.63415	1132.7	1534.3	6.6706	0.88265	1.1479	737.67	-0.51521	64.855	0.099166	supercritical
1487.6	20.265	1.5736	0.63549	1135.5	1538	6.6731	0.88292	1.1482	738.4	-0.51596	64.943	0.099328	supercritical
1490.9	20.265	1.5703	0.63684	1138.4	1541.7	6.6756	0.88318	1.1484	739.12	-0.5167	65.03	0.09949	supercritical
1494.1	20.265	1.567	0.63818	1141.3	1545.4	6.6781	0.88344	1.1487	739.84	-0.51743	65.118	0.099652	supercritical
1497.4	20.265	1.5637	0.63953	1144.1	1549.2	6.6806	0.8837	1.1489	740.56	-0.51816	65.205	0.099815	supercritical
1500.6	20.265	1.5604	0.64087	1147	1552.9	6.6831	0.88396	1.1491	741.28	-0.51889	65.293	0.099977	supercritical
1503.9	20.265	1.5571	0.64221	1149.9	1556.6	6.6856	0.88422	1.1494	741.99	-0.51961	65.38	0.10014	supercritical
1507.1	20.265	1.5539	0.64356	1152.8	1560.3	6.688	0.88448	1.1496	742.71	-0.52033	65.467	0.1003	supercritical
1510.3	20.265	1.5506	0.6449	1155.7	1564.1	6.6905	0.88474	1.1498	743.43	-0.52104	65.554	0.10046	supercritical
1513.6	20.265	1.5474	0.64624	1158.5	1567.8	6.693	0.885	1.15	744.14	-0.52175	65.641	0.10062	supercritical
1516.8	20.265	1.5442	0.64759	1161.4	1571.5	6.6954	0.88525	1.1503	744.86	-0.52245	65.728	0.10079	supercritical
1520.1	20.265	1.541	0.64893	1164.3	1575.3	6.6979	0.88551	1.1505	745.57	-0.52315	65.815	0.10095	supercritical
1523.3	20.265	1.5378	0.65027	1167.2	1579	6.7003	0.88577	1.1507	746.29	-0.52385	65.902	0.10111	supercritical
1526.6	20.265	1.5346	0.65162	1170	1582.7	6.7028	0.88603	1.151	747	-0.52455	65.989	0.10127	supercritical
1529.8	20.265	1.5315	0.65296	1172.9	1586.5	6.7052	0.88628	1.1512	747.71	-0.52523	66.076	0.10143	supercritical
1533	20.265	1.5283	0.6543	1175.8	1590.2	6.7077	0.88654	1.1514	748.42	-0.52592	66.163	0.10159	supercritical
1536.3	20.265	1.5252	0.65564	1178.7	1593.9	6.7101	0.88679	1.1517	749.13	-0.5266	66.249	0.10176	supercritical
1539.5	20.265	1.5221	0.65699	1181.6	1597.7	6.7125	0.88705	1.1519	749.84	-0.52728	66.336	0.10192	supercritical
1542.8	20.265	1.519	0.65833	1184.5	1601.4	6.715	0.88731	1.1521	750.55	-0.52795	66.422	0.10208	supercritical
1546	20.265	1.5159	0.65967	1187.4	1605.1	6.7174	0.88756	1.1524	751.26	-0.52862	66.509	0.10224	supercritical
1549.3	20.265	1.5128	0.66102	1190.2	1608.9	6.7198	0.88781	1.1526	751.97	-0.52929	66.595	0.1024	supercritical
1552.5	20.265	1.5098	0.66236	1193.1	1612.6	6.7222	0.88807	1.1528	752.68	-0.52995	66.682	0.10256	supercritical
1555.7	20.265	1.5067	0.6637	1196	1616.3	6.7246	0.88832	1.1531	753.38	-0.53061	66.768	0.10272	supercritical
1559	20.265	1.5037	0.66504	1198.9	1620.1	6.727	0.88857	1.1533	754.09	-0.53126	66.855	0.10289	supercritical
1562.2	20.265	1.5006	0.66639	1201.8	1623.8	6.7294	0.88883	1.1535	754.79	-0.53191	66.941	0.10305	supercritical
1565.5	20.265	1.4976	0.66773	1204.7	1627.6	6.7318	0.88908	1.1537	755.5	-0.53256	67.027	0.10321	supercritical
1568.7	20.265	1.4946	0.66907	1207.6	1631.3	6.7342	0.88933	1.154	756.2	-0.53321	67.113	0.10337	supercritical
1572	20.265	1.4916	0.67041	1210.5	1635	6.7366	0.88958	1.1542	756.9	-0.53385	67.199	0.10353	supercritical
1575.2	20.265	1.4886	0.67176	1213.4	1638.8	6.7389	0.88984	1.1544	757.6	-0.53448	67.285	0.10369	supercritical
1578.4	20.265	1.4857	0.6731	1216.3	1642.5	6.7413	0.89009	1.1547	758.3	-0.53511	67.371	0.10385	supercritical
1581.7	20.265	1.4827	0.67444	1219.2	1646.3	6.7437	0.89034	1.1549	759	-0.53574	67.457	0.10401	supercritical
1584.9	20.265	1.4798	0.67578	1222	1650	6.7461	0.89059	1.1551	759.7	-0.53637	67.543	0.10417	supercritical
1588.2	20.265	1.4768	0.67712	1224.9	1653.8	6.7484	0.89084	1.1553	760.4	-0.53699	67.629	0.10433	supercritical
1591.4	20.265	1.4739	0.67847	1227.8	1657.5	6.7508	0.89109	1.1556	761.1	-0.53761	67.715	0.10449	supercritical
1594.7	20.265	1.471	0.67981	1230.7	1661.3	6.7531	0.89134	1.1558	761.8	-0.53823	67.801	0.10466	supercritical
1597.9	20.265	1.4681	0.68115	1233.6	1665	6.7555	0.89159	1.156	762.49	-0.53884	67.886	0.10482	supercritical
1601.1	20.265	1.4652	0.68249	1236.5	1668.8	6.7578	0.89184	1.1563	763.19	-0.53945	67.972	0.10498	supercritical
1604.4	20.265	1.4623	0.68383	1239.4	1672.5	6.7602	0.89208	1.1565	763.89	-0.54005	68.058	0.10514	supercritical
1607.6	20.265	1.4595	0.68518	1242.3	1676.3	6.7625	0.89233	1.1567	764.58	-0.54065	68.143	0.1053	supercritical
1610.9	20.265	1.4566	0.68652	1245.2	1680	6.7648	0.89258	1.1569	765.27	-0.54125	68.229	0.10546	supercritical
1614.1	20.265	1.4538	0.68786	1248.1	1683.8	6.7672	0.89283	1.1572	765.97	-0.54184	68.314	0.10562	supercritical
1617.4	20.265	1.451	0.6892	1251	1687.5	6.7695	0.89308	1.1574	766.66	-0.54244	68.4	0.10578	supercritical
1620.6	20.265	1.4481	0.69054	1253.9	1691.3	6.7718	0.89332	1.1576	767.35	-0.54302	68.485	0.10594	supercritical
1623.8	20.265	1.4453	0.69188	1256.9	1695	6.7741	0.89357	1.1578	768.04	-0.54361	68.57	0.1061	supercritical
1627.1	20.265	1.4425	0.69322	1259.8	1698.8	6.7764	0.89382	1.1581	768.73	-0.54419	68.656	0.10626	supercritical
1630.3	20.265	1.4397	0.69457	1262.7	1702.5	6.7787	0.89406	1.1583	769.42	-0.54477	68.741	0.10642	supercritical
1633.6	20.265	1.437	0.69591	1265.6	1706.3	6.781	0.89431	1.1585	770.11	-0.54534	68.826	0.10658	supercritical
1636.8	20.265	1.4342	0.69725	1268.5	1710	6.7833	0.89456	1.1587	770.8	-0.54592	68.911	0.10674	supercritical
1640.1	20.265	1.4315	0.69859	1271.4	1713.8	6.7856	0.8948	1.159	771.49	-0.54649	68.996	0.1069	supercritical
1643.3	20.265	1.4287	0.69993	1274.3	1717.6	6.7879	0.89505	1.1592	772.17	-0.54705	69.081	0.10706	supercritical
1646.5	20.265	1.426	0.70127	1277.2	1721.3	6.7902	0.89529	1.1594	772.86	-0.54761	69.166	0.10722	supercritical
1649.8	20.265	1.4233	0.70261	1280.1	1725.1	6.7925	0.89554	1.1596	773.54	-0.54817	69.251	0.10738	supercritical
1653	20.265	1.4205	0.70395	1283	1728.8	6.7947	0.89578	1.1599	774.23	-0.54873	69.336	0.10754	supercritical
1656.3	20.265	1.4178	0.7053	1285.9	1732.6	6.797	0.89603	1.1601	774.91	-0.54928	69.421	0.1077	supercritical
1659.5	20.265	1.4152	0.70664	1288.9	1736.4	6.7993	0.89627	1.1603	775.6	-0.54983	69.506	0.10786	supercritical
1662.8	20.265	1.4125	0.70798	1291.8	1740.1	6.8016	0.89652	1.1605	776.28	-0.55038	69.59	0.10802	supercritical
1666	20.265	1.4098	0.70932	1294.7	1743.9	6.8038	0.89676	1.1608	776.96	-0.55092	69.675	0.10818	supercritical
1669.2	20.265	1.4071	0.71066	1297.6	1747.7	6.8061	0.897	1.161	777.64	-0.55146	69.76	0.10834	supercritical
1672.5	20.265	1.4045	0.712	1300.5	1751.4	6.8083	0.89725	1.1612	778.32	-0.552	69.844	0.1085	supercritical
1675.7	20.265	1.4019	0.71334	1303.4	1755.2	6.8106	0.89749	1.1614	779	-0.55254	69.929	0.10866	supercritical
1679	20.265	1.3992	0.71468	1306.3	1759	6.8128	0.89773	1.1617	779.68	-0.55307	70.013	0.10881	supercritical
1682.2	20.265	1.3966	0.71602	1309.3	1762.7	6.8151	0.89798	1.1619	780.36	-0.5536	70.098	0.10897	supercritical
1685.5	20.265	1.394	0.71736	1312.2	1766.5	6.8173	0.89822	1.1621	781.04	-0.55413	70.182	0.10913	supercritical
1688.7	20.265	1.3914	0.7187	1315.1	1770.3	6.8195	0.89846	1.1623	781.72	-0.55465	70.267	0.10929	supercritical
1691.9	20.265	1.3888	0.72004	1318	1774	6.8218	0.8987	1.1626	782.39	-0.55517	70.351	0.10945	supercritical
1695.2	20.265	1.3862	0.72138	1320.9	1777.8	6.824	0.89895	1.1628	783.07	-0.55569	70.435	0.10961	supercritical
1698.4	20.265	1.3837	0.72272	1323.9	1781.6	6.8262	0.89919	1.163	783.74	-0.5562	70.52	0.10977	supercritical
1701.7	20.265	1.3811	0.72406	1326.8	1785.3	6.8284	0.89943	1.1632	784.42	-0.55671	70.604	0.10993	supercritical
1704.9	20.265	1.3785	0.7254	1329.7	1789.1	6.8306	0.89967	1.1635	785.09	-0.55722	70.688	0.11009	supercritical
1708.2	20.265	1.376	0.72674	1332.6	1792.9	6.8329	0.89991	1.1637	785.76	-0.55773	70.772	0.11025	supercritical
1711.4	20.265	1.3735	0.72808	1335.6	1796.7	6.8351	0.90015	1.1639	786.44	-0.55823	70.856	0.11041	supercritical
1714.6	20.265	1.3709	0.72942	1338.5	1800.4	6.8373	0.90039	1.1641	787.11	-0.55873	70.94	0.11057	supercritical
1717.9	20.265	1.3684	0.73076	1341.4	1804.2	6.8395	0.90063	1.1644	787.78	-0.55923	71.024	0.11072	supercritical
1721.1	20.265	1.3659	0.7321	1344.3	1808	6.8417	0.90087	1.1646	788.45	-0.55973	71.108	0.11088	supercritical
1724.4	20.265	1.3634	0.73344	1347.3	1811.8	6.8439	0.90111	1.1648	789.12	-0.56022	71.192	0.11104	supercritical
1727.6	20.265	1.3609	0.73478	1350.2	1815.5	6.846	0.90135	1.165	789.79	-0.56071	71.276	0.1112	supercritical
1730.9	20.265	1.3585	0.73612	1353.1	1819.3	6.8482	0.90159	1.1653	790.46	-0.5612	71.36	0.11136	supercritical
1734.1	20.265	1.356	0.73746	1356.1	1823.1	6.8504	0.90183	1.1655	791.13	-0.56168	71.443	0.11152	supercritical
1737.3	20.265	1.3535	0.7388	1359	1826.9	6.8526	0.90207	1.1657	791.8	-0.56216	71.527	0.11168	supercritical
1740.6	20.265	1.3511	0.74014	1361.9	1830.7	6.8548	0.90231	1.1659	792.46	-0.56264	71.611	0.11184	supercritical
1743.8	20.265	1.3486	0.74148	1364.9	1834.4	6.8569	0.90255	1.1661	793.13	-0.56312	71.695	0.11199	supercritical
1747.1	20.265	1.3462	0.74282	1367.8	1838.2	6.8591	0.90279	1.1664	793.79	-0.56359	71.778	0.11215	supercritical
1750.3	20.265	1.3438	0.74416	1370.7	1842	6.8613	0.90303	1.1666	794.46	-0.56407	71.862	0.11231	supercritical
1753.6	20.265	1.3414	0.7455	1373.7	1845.8	6.8634	0.90327	1.1668	795.12	-0.56453	71.945	0.11247	supercritical
1756.8	20.265	1.339	0.74684	1376.6	1849.6	6.8656	0.90351	1.167	795.79	-0.565	72.029	0.11263	supercritical
1760	20.265	1.3366	0.74818	1379.5	1853.4	6.8677	0.90375	1.1673	796.45	-0.56547	72.112	0.11279	supercritical
1763.3	20.265	1.3342	0.74952	1382.5	1857.1	6.8699	0.90398	1.1675	797.11	-0.56593	72.196	0.11294	supercritical
1766.5	20.265	1.3318	0.75086	1385.4	1860.9	6.872	0.90422	1.1677	797.77	-0.56639	72.279	0.1131	supercritical
1769.8	20.265	1.3294	0.7522	1388.3	1864.7	6.8742	0.90446	1.1679	798.44	-0.56684	72.362	0.11326	supercritical
1773	20.265	1.3271	0.75354	1391.3	1868.5	6.8763	0.9047	1.1681	799.1	-0.5673	72.446	0.11342	supercritical
1776.3	20.265	1.3247	0.75488	1394.2	1872.3	6.8784	0.90494	1.1684	799.76	-0.56775	72.529	0.11358	supercritical
1779.5	20.265	1.3224	0.75622	1397.2	1876.1	6.8806	0.90517	1.1686	800.42	-0.5682	72.612	0.11374	supercritical
1782.7	20.265	1.32	0.75756	1400.1	1879.9	6.8827	0.90541	1.1688	801.07	-0.56864	72.695	0.11389	supercritical
1786	20.265	1.3177	0.7589	1403	1883.7	6.8848	0.90565	1.169	801.73	-0.56909	72.778	0.11405	supercritical
1789.2	20.265	1.3154	0.76024	1406	1887.5	6.8869	0.90588	1.1693	802.39	-0.56953	72.862	0.11421	supercritical
1792.5	20.265	1.3131	0.76158	1408.9	1891.2	6.8891	0.90612	1.1695	803.05	-0.56997	72.945	0.11437	supercritical
1795.7	20.265	1.3108	0.76292	1411.9	1895	6.8912	0.90636	1.1697	803.7	-0.57041	73.028	0.11453	supercritical
1799	20.265	1.3085	0.76425	1414.8	1898.8	6.8933	0.90659	1.1699	804.36	-0.57084	73.111	0.11468	supercritical
1802.2	20.265	1.3062	0.76559	1417.8	1902.6	6.8954	0.90683	1.1701	805.01	-0.57127	73.194	0.11484	supercritical
1805.4	20.265	1.3039	0.76693	1420.7	1906.4	6.8975	0.90707	1.1704	805.67	-0.5717	73.276	0.115	supercritical
1808.7	20.265	1.3016	0.76827	1423.7	1910.2	6.8996	0.9073	1.1706	806.32	-0.57213	73.359	0.11516	supercritical
1811.9	20.265	1.2994	0.76961	1426.6	1914	6.9017	0.90754	1.1708	806.97	-0.57256	73.442	0.11531	supercritical
1815.2	20.265	1.2971	0.77095	1429.6	1917.8	6.9038	0.90777	1.171	807.63	-0.57298	73.525	0.11547	supercritical
1818.4	20.265	1.2949	0.77229	1432.5	1921.6	6.9059	0.90801	1.1713	808.28	-0.5734	73.608	0.11563	supercritical
1821.6	20.265	1.2926	0.77363	1435.5	1925.4	6.908	0.90825	1.1715	808.93	-0.57382	73.69	0.11579	supercritical
1824.9	20.265	1.2904	0.77497	1438.4	1929.2	6.9101	0.90848	1.1717	809.58	-0.57423	73.773	0.11595	supercritical
1828.1	20.265	1.2882	0.7763	1441.4	1933	6.9121	0.90872	1.1719	810.23	-0.57465	73.856	0.1161	supercritical
1831.4	20.265	1.2859	0.77764	1444.3	1936.8	6.9142	0.90895	1.1721	810.88	-0.57506	73.938	0.11626	supercritical
1834.6	20.265	1.2837	0.77898	1447.3	1940.6	6.9163	0.90919	1.1724	811.53	-0.57547	74.021	0.11642	supercritical
1837.9	20.265	1.2815	0.78032	1450.2	1944.4	6.9184	0.90942	1.1726	812.18	-0.57588	74.103	0.11657	supercritical
1841.1	20.265	1.2793	0.78166	1453.2	1948.2	6.9204	0.90966	1.1728	812.83	-0.57628	74.186	0.11673	supercritical
1844.3	20.265	1.2771	0.783	1456.1	1952	6.9225	0.90989	1.173	813.47	-0.57669	74.268	0.11689	supercritical
1847.6	20.265	1.275	0.78434	1459.1	1955.8	6.9245	0.91012	1.1732	814.12	-0.57709	74.351	0.11705	supercritical
1850.8	20.265	1.2728	0.78568	1462.1	1959.6	6.9266	0.91036	1.1735	814.77	-0.57748	74.433	0.1172	supercritical
1854.1	20.265	1.2706	0.78701	1465	1963.4	6.9287	0.91059	1.1737	815.41	-0.57788	74.516	0.11736	supercritical
1857.3	20.265	1.2685	0.78835	1468	1967.2	6.9307	0.91083	1.1739	816.06	-0.57828	74.598	0.11752	supercritical
1860.6	20.265	1.2663	0.78969	1470.9	1971	6.9328	0.91106	1.1741	816.7	-0.57867	74.68	0.11768	supercritical
1863.8	20.265	1.2642	0.79103	1473.9	1974.9	6.9348	0.9113	1.1743	817.35	-0.57906	74.762	0.11783	supercritical
1867	20.265	1.262	0.79237	1476.8	1978.7	6.9368	0.91153	1.1746	817.99	-0.57945	74.845	0.11799	supercritical
1870.3	20.265	1.2599	0.79371	1479.8	1982.5	6.9389	0.91176	1.1748	818.63	-0.57983	74.927	0.11815	supercritical
1873.5	20.265	1.2578	0.79504	1482.8	1986.3	6.9409	0.912	1.175	819.27	-0.58022	75.009	0.1183	supercritical
1876.8	20.265	1.2557	0.79638	1485.7	1990.1	6.9429	0.91223	1.1752	819.92	-0.5806	75.091	0.11846	supercritical
1880	20.265	1.2536	0.79772	1488.7	1993.9	6.945	0.91246	1.1755	820.56	-0.58098	75.173	0.11862	supercritical
1883.3	20.265	1.2515	0.79906	1491.7	1997.7	6.947	0.9127	1.1757	821.2	-0.58136	75.255	0.11878	supercritical
1886.5	20.265	1.2494	0.8004	1494.6	2001.5	6.949	0.91293	1.1759	821.84	-0.58173	75.337	0.11893	supercritical
1889.7	20.265	1.2473	0.80174	1497.6	2005.3	6.951	0.91316	1.1761	822.48	-0.58211	75.419	0.11909	supercritical
1893	20.265	1.2452	0.80307	1500.6	2009.2	6.9531	0.91339	1.1763	823.11	-0.58248	75.501	0.11925	supercritical
1896.2	20.265	1.2431	0.80441	1503.5	2013	6.9551	0.91363	1.1766	823.75	-0.58285	75.583	0.1194	supercritical
1899.5	20.265	1.2411	0.80575	1506.5	2016.8	6.9571	0.91386	1.1768	824.39	-0.58322	75.665	0.11956	supercritical
1902.7	20.265	1.239	0.80709	1509.5	2020.6	6.9591	0.91409	1.177	825.03	-0.58358	75.747	0.11972	supercritical
1906	20.265	1.237	0.80843	1512.4	2024.4	6.9611	0.91432	1.1772	825.66	-0.58395	75.828	0.11987	supercritical
1909.2	20.265	1.2349	0.80976	1515.4	2028.2	6.9631	0.91456	1.1774	826.3	-0.58431	75.91	0.12003	supercritical
1912.4	20.265	1.2329	0.8111	1518.4	2032.1	6.9651	0.91479	1.1777	826.93	-0.58467	75.992	0.12019	supercritical
1915.7	20.265	1.2309	0.81244	1521.4	2035.9	6.9671	0.91502	1.1779	827.57	-0.58503	76.074	0.12034	supercritical
1918.9	20.265	1.2288	0.81378	1524.3	2039.7	6.9691	0.91525	1.1781	828.2	-0.58538	76.155	0.1205	supercritical
1922.2	20.265	1.2268	0.81512	1527.3	2043.5	6.9711	0.91548	1.1783	828.84	-0.58574	76.237	0.12066	supercritical
1925.4	20.265	1.2248	0.81645	1530.3	2047.3	6.9731	0.91571	1.1785	829.47	-0.58609	76.319	0.12081	supercritical
1928.7	20.265	1.2228	0.81779	1533.2	2051.2	6.975	0.91595	1.1788	830.1	-0.58644	76.4	0.12097	supercritical
1931.9	20.265	1.2208	0.81913	1536.2	2055	6.977	0.91618	1.179	830.74	-0.58679	76.482	0.12113	supercritical
1935.1	20.265	1.2188	0.82047	1539.2	2058.8	6.979	0.91641	1.1792	831.37	-0.58714	76.563	0.12128	supercritical
1938.4	20.265	1.2168	0.8218	1542.2	2062.6	6.981	0.91664	1.1794	832	-0.58748	76.645	0.12144	supercritical
1941.6	20.265	1.2149	0.82314	1545.2	2066.5	6.9829	0.91687	1.1796	832.63	-0.58782	76.726	0.12159	supercritical
1944.9	20.265	1.2129	0.82448	1548.1	2070.3	6.9849	0.9171	1.1799	833.26	-0.58817	76.807	0.12175	supercritical
1948.1	20.265	1.2109	0.82582	1551.1	2074.1	6.9869	0.91733	1.1801	833.89	-0.58851	76.889	0.12191	supercritical
1951.4	20.265	1.209	0.82716	1554.1	2077.9	6.9888	0.91756	1.1803	834.52	-0.58884	76.97	0.12206	supercritical
1954.6	20.265	1.207	0.82849	1557.1	2081.8	6.9908	0.91779	1.1805	835.14	-0.58918	77.051	0.12222	supercritical
1957.8	20.265	1.2051	0.82983	1560.1	2085.6	6.9928	0.91802	1.1807	835.77	-0.58951	77.133	0.12238	supercritical
1961.1	20.265	1.2031	0.83117	1563	2089.4	6.9947	0.91825	1.1809	836.4	-0.58985	77.214	0.12253	supercritical
1964.3	20.265	1.2012	0.83251	1566	2093.2	6.9967	0.91848	1.1812	837.03	-0.59018	77.295	0.12269	supercritical
1967.6	20.265	1.1993	0.83384	1569	2097.1	6.9986	0.91871	1.1814	837.65	-0.59051	77.376	0.12284	supercritical
1970.8	20.265	1.1973	0.83518	1572	2100.9	7.0006	0.91894	1.1816	838.28	-0.59083	77.458	0.123	supercritical
1974.1	20.265	1.1954	0.83652	1575	2104.7	7.0025	0.91917	1.1818	838.9	-0.59116	77.539	0.12316	supercritical
1977.3	20.265	1.1935	0.83786	1578	2108.6	7.0044	0.9194	1.182	839.53	-0.59148	77.62	0.12331	supercritical
1980.5	20.265	1.1916	0.83919	1580.9	2112.4	7.0064	0.91963	1.1823	840.15	-0.5918	77.701	0.12347	supercritical
1983.8	20.265	1.1897	0.84053	1583.9	2116.2	7.0083	0.91986	1.1825	840.77	-0.59213	77.782	0.12362	supercritical
1987	20.265	1.1878	0.84187	1586.9	2120.1	7.0102	0.92009	1.1827	841.4	-0.59244	77.863	0.12378	supercritical
1990.3	20.265	1.186	0.8432	1589.9	2123.9	7.0122	0.92032	1.1829	842.02	-0.59276	77.944	0.12394	supercritical
1993.5	20.265	1.1841	0.84454	1592.9	2127.7	7.0141	0.92055	1.1831	842.64	-0.59308	78.025	0.12409	supercritical
1996.8	20.265	1.1822	0.84588	1595.9	2131.6	7.016	0.92078	1.1834	843.26	-0.59339	78.106	0.12425	supercritical
2000	20.265	1.1803	0.84722	1598.9	2135.4	7.0179	0.92101	1.1836	843.88	-0.5937	78.187	0.1244	supercritical
